Position vector (('Age', 'GPA', 'GradeClass')):
[17.0, 2.929195591667681, 2.0]
[18.0, 3.042914833436377, 1.0]
[15.0, 0.1126022544661815, 4.0]
[17.0, 2.0542181397029484, 3.0]
[17.0, 1.2880611817953875, 4.0]
[18.0, 3.0841836144863937, 1.0]
[15.0, 2.748237414891583, 2.0]
[15.0, 1.360142712316461, 4.0]
[17.0, 2.896819189513569, 2.0]
[16.0, 3.5734742103297656, 0.0]
[17.0, 2.1471716250185144, 3.0]
[17.0, 1.5595945190402771, 4.0]
[17.0, 1.520077814874808, 4.0]
[17.0, 1.7515809583340785, 4.0]
[18.0, 2.396788117124796, 3.0]
[15.0, 1.3415207165346672, 4.0]
[18.0, 2.232175277715976, 3.0]
[18.0, 1.3844041756940335, 4.0]
[18.0, 0.4695533233798704, 4.0]
[17.0, 2.3957840945307, 3.0]
[16.0, 2.778411299920653, 2.0]
[15.0, 0.3468940367050148, 4.0]
[16.0, 0.3125462305253549, 4.0]
[18.0, 1.7701318767799732, 4.0]
[18.0, 1.5051556220362858, 4.0]
[16.0, 2.977851918315743, 2.0]
[16.0, 2.948717671911921, 2.0]
[16.0, 2.145204720467192, 3.0]
[18.0, 2.854803928981318, 2.0]
[18.0, 1.519441725815139, 4.0]
[15.0, 1.727120309522409, 4.0]
[15.0, 1.8475354711387904, 4.0]
[18.0, 0.3846169728564877, 4.0]
[16.0, 0.94940609779728, 4.0]
[16.0, 1.1409594184203395, 4.0]
[15.0, 0.2614722600507521, 4.0]
[18.0, 0.2182848568210317, 4.0]
[15.0, 1.0677635510419796, 4.0]
[15.0, 3.0189058584279675, 1.0]
[17.0, 1.5268678317927231, 4.0]
[17.0, 1.0582873996898603, 4.0]
[17.0, 2.625128097732231, 2.0]
[16.0, 2.8087548220286536, 2.0]
[18.0, 2.888891669272444, 2.0]
[18.0, 4.0, 0.0]
[18.0, 2.515300272256249, 2.0]
[18.0, 2.5637654300150947, 2.0]
[17.0, 1.7036118032323682, 4.0]
[16.0, 2.0998851567205854, 3.0]
[16.0, 2.4610469629080955, 3.0]
[17.0, 2.935477191694632, 2.0]
[16.0, 1.9863780592187463, 4.0]
[17.0, 1.5715441913992825, 4.0]
[18.0, 1.6643106896610833, 4.0]
[17.0, 0.7562591665741925, 4.0]
[18.0, 0.8027695392342074, 4.0]
[18.0, 1.3423871779577343, 4.0]
[15.0, 0.2865712882866222, 4.0]
[17.0, 2.61383869367367, 2.0]
[15.0, 0.9290125546259368, 4.0]
[17.0, 1.892758695926592, 4.0]
[17.0, 2.331261549308754, 3.0]
[15.0, 2.234238472600233, 3.0]
[15.0, 2.3858282190764624, 3.0]
[17.0, 3.347356743507809, 1.0]
[16.0, 3.2618553073332905, 1.0]
[18.0, 1.0396238791477144, 4.0]
[15.0, 0.0278186247324679, 4.0]
[18.0, 1.3299645378768772, 4.0]
[16.0, 3.283916521897384, 1.0]
[16.0, 2.937454182316864, 2.0]
[16.0, 0.7388682028052602, 4.0]
[15.0, 2.556801662833417, 2.0]
[16.0, 3.300928568970799, 1.0]
[15.0, 2.200682946560561, 3.0]
[16.0, 1.8558655731681928, 4.0]
[18.0, 2.734401494419992, 2.0]
[18.0, 2.1317372971872284, 3.0]
[17.0, 0.9797699107752862, 4.0]
[18.0, 0.994325023551287, 4.0]
[17.0, 2.0746999767813343, 3.0]
[18.0, 0.500508035804656, 4.0]
[15.0, 2.532438417587673, 2.0]
[18.0, 1.4633780357856976, 4.0]
[17.0, 2.342836773191855, 3.0]
[17.0, 1.1588463344506037, 4.0]
[16.0, 1.5237487447337323, 4.0]
[15.0, 0.0, 4.0]
[18.0, 1.0586220144439875, 4.0]
[16.0, 2.2297401841747666, 3.0]
[18.0, 0.1947432807455151, 4.0]
[18.0, 3.5069200713692137, 0.0]
[16.0, 3.552286943350944, 0.0]
[16.0, 2.23849135429023, 3.0]
[16.0, 2.7084723438568763, 2.0]
[16.0, 0.7329082339013866, 4.0]
[16.0, 0.9654824453045304, 4.0]
[18.0, 2.5552328599380942, 2.0]
[16.0, 0.7443222999212357, 4.0]
[15.0, 0.7220565813951911, 4.0]
[17.0, 1.2712295298373406, 4.0]
[16.0, 2.52614214142023, 2.0]
[16.0, 0.9424153953595232, 4.0]
[18.0, 1.515639098395023, 4.0]
[16.0, 0.6482739267081915, 4.0]
[16.0, 2.0488500821388604, 3.0]
[16.0, 0.8422959992571388, 4.0]
[18.0, 1.4641879236906472, 4.0]
[16.0, 1.487946865169799, 4.0]
[17.0, 2.587565796370635, 2.0]
[18.0, 3.2208069781948727, 1.0]
[17.0, 3.5451594318003106, 0.0]
[18.0, 3.089598953074648, 1.0]
[16.0, 1.919956439918208, 4.0]
[17.0, 2.198593184586961, 3.0]
[18.0, 0.8782126167627767, 4.0]
[15.0, 1.340368647512407, 4.0]
[16.0, 1.8195113357139088, 4.0]
[18.0, 0.6193509314675341, 4.0]
[15.0, 3.619460869693516, 0.0]
[18.0, 2.17490279620988, 3.0]
[15.0, 2.974406014911044, 2.0]
[16.0, 0.9807358437488028, 4.0]
[17.0, 3.101673809015105, 1.0]
[15.0, 3.4982573417733205, 1.0]
[18.0, 2.590553445052984, 2.0]
[16.0, 3.5350037581843186, 0.0]
[15.0, 2.8199217452931866, 2.0]
[18.0, 2.0165967745176614, 3.0]
[18.0, 1.3711850388917164, 4.0]
[18.0, 2.1047955879699045, 3.0]
[15.0, 3.030439088696523, 1.0]
[15.0, 3.58242187231196, 0.0]
[15.0, 2.4265467060392454, 3.0]
[17.0, 3.161436270258364, 1.0]
[15.0, 2.122638529628868, 3.0]
[15.0, 2.204860580997317, 3.0]
[15.0, 1.182987500498048, 4.0]
[17.0, 2.7387957163436, 2.0]
[15.0, 2.2379013009826028, 3.0]
[18.0, 3.139481546380388, 1.0]
[15.0, 1.0460447710800969, 4.0]
[18.0, 0.8164582452137992, 4.0]
[18.0, 2.03354462052118, 3.0]
[18.0, 2.432078522782237, 3.0]
[17.0, 2.6597713195279016, 2.0]
[17.0, 3.588887939765012, 0.0]
[17.0, 2.3145876278110027, 3.0]
[15.0, 1.00722582021403, 4.0]
[18.0, 2.8816123214605245, 2.0]
[17.0, 2.804504928911685, 2.0]
[17.0, 1.7629211240998668, 4.0]
[15.0, 1.11991126295732, 4.0]
[17.0, 1.0306575057198797, 4.0]
[15.0, 3.0756193536614336, 1.0]
[16.0, 2.631434065124418, 2.0]
[17.0, 0.5030669073279145, 4.0]
[16.0, 2.784237837142815, 2.0]
[15.0, 0.2476267650865634, 4.0]
[18.0, 1.189548769618786, 4.0]
[17.0, 3.37599400880284, 1.0]
[15.0, 1.293573556445951, 4.0]
[18.0, 3.7185869042869646, 0.0]
[18.0, 2.670559614819829, 2.0]
[16.0, 2.369648013449619, 3.0]
[15.0, 1.6244868202221543, 4.0]
[18.0, 2.5374768278143587, 2.0]
[17.0, 2.298417928509479, 3.0]
[17.0, 2.2598041504961186, 3.0]
[16.0, 1.3213433008698847, 4.0]
[18.0, 0.9499742281238568, 4.0]
[15.0, 0.818786616073051, 4.0]
[17.0, 2.3392245127535936, 3.0]
[18.0, 2.6827762879633723, 2.0]
[18.0, 1.543837471085622, 4.0]
[16.0, 0.1969011048236224, 4.0]
[17.0, 2.748610257448085, 2.0]
[17.0, 1.1048937876999445, 4.0]
[15.0, 2.553439811443938, 2.0]
[17.0, 3.2742334588098787, 1.0]
[15.0, 3.1860603780389143, 1.0]
[17.0, 1.722115750240589, 4.0]
[16.0, 2.3380463575903736, 3.0]
[17.0, 3.273998748434336, 1.0]
[15.0, 2.993502391205279, 2.0]
[15.0, 0.8963978990233954, 4.0]
[16.0, 2.9610552588035977, 2.0]
[17.0, 2.6743510954520984, 2.0]
[17.0, 1.2178731513333656, 4.0]
[16.0, 1.36559111032951, 4.0]
[17.0, 1.5222748446854282, 4.0]
[17.0, 2.2314023973705024, 3.0]
[15.0, 2.135266354890094, 3.0]
[17.0, 2.255698914963147, 3.0]
[17.0, 2.751145787611705, 2.0]
[16.0, 0.8976341586164038, 4.0]
[16.0, 3.117354434785501, 1.0]
[18.0, 1.2875951312580094, 4.0]
[15.0, 0.5710530980330257, 4.0]
[17.0, 0.5813557994949716, 4.0]
[17.0, 1.6434624040739565, 4.0]
[18.0, 1.2348440407820207, 4.0]
[17.0, 2.968093619579765, 2.0]
[15.0, 2.009298479722319, 3.0]
[18.0, 1.146086034129592, 4.0]
[15.0, 2.1923631978552875, 3.0]
[18.0, 0.94573087329995, 4.0]
[18.0, 0.5672500284902902, 4.0]
[16.0, 0.9707643470928292, 4.0]
[15.0, 1.6560601255004677, 4.0]
[17.0, 2.8393132491560324, 2.0]
[17.0, 0.189818059909026, 4.0]
[15.0, 3.25829468502287, 1.0]
[17.0, 1.920055852658896, 4.0]
[17.0, 2.0217714943693785, 3.0]
[15.0, 0.1259330746249498, 4.0]
[18.0, 1.2870134123902284, 4.0]
[15.0, 2.591426703229313, 2.0]
[18.0, 1.4633796485356, 4.0]
[17.0, 1.465549386433812, 4.0]
[17.0, 1.710466837709535, 4.0]
[17.0, 2.288505685252231, 3.0]
[16.0, 1.9609688486532324, 4.0]
[18.0, 2.6216233262773407, 2.0]
[16.0, 0.7683163859836675, 4.0]
[16.0, 1.8064063454058108, 4.0]
[15.0, 0.88186635307777, 4.0]
[16.0, 0.8170682206563473, 4.0]
[15.0, 1.4461325277019692, 4.0]
[15.0, 3.339094362200312, 1.0]
[16.0, 0.8196254779474454, 4.0]
[18.0, 0.6768179731112823, 4.0]
[18.0, 1.3895448744649723, 4.0]
[18.0, 1.9915084140251773, 4.0]
[18.0, 1.6398675504146123, 4.0]
[18.0, 2.511743020605421, 2.0]
[16.0, 2.9839199495864985, 2.0]
[16.0, 1.25865485443205, 4.0]
[17.0, 1.4179299273727557, 4.0]
[18.0, 1.5970165723817666, 4.0]
[16.0, 3.08869986818596, 1.0]
[17.0, 1.6413414427787147, 4.0]
[18.0, 2.5868706562634283, 2.0]
[15.0, 2.389032645212185, 3.0]
[17.0, 1.8981464002812247, 4.0]
[16.0, 2.1104879749817496, 3.0]
[15.0, 1.7002735894049137, 4.0]
[15.0, 1.0444999950877136, 4.0]
[15.0, 1.1941661337644758, 4.0]
[17.0, 2.6491368281965504, 2.0]
[16.0, 1.2341413889277302, 4.0]
[15.0, 2.127408865912826, 3.0]
[18.0, 2.913887649138132, 2.0]
[15.0, 3.119393913150377, 1.0]
[15.0, 1.0363787383257312, 4.0]
[17.0, 2.403284547023526, 3.0]
[17.0, 3.1565080639094454, 1.0]
[16.0, 2.723471858740064, 2.0]
[18.0, 1.5309511463109082, 4.0]
[17.0, 3.468581349135728, 1.0]
[15.0, 2.3020320443414053, 3.0]
[16.0, 1.265677909199434, 4.0]
[15.0, 1.479602227739032, 4.0]
[15.0, 1.4450767191993792, 4.0]
[17.0, 0.8094338103684621, 4.0]
[16.0, 2.1502332699887816, 3.0]
[18.0, 0.5591437155118445, 4.0]
[18.0, 0.5807884851770568, 4.0]
[17.0, 1.602089195984674, 4.0]
[17.0, 1.0027983635819373, 4.0]
[16.0, 1.6630634531990602, 4.0]
[18.0, 1.5315464597195698, 4.0]
[18.0, 2.205842147030335, 3.0]
[18.0, 1.155338560965664, 4.0]
[15.0, 2.153758339869399, 3.0]
[18.0, 2.592786686317039, 2.0]
[15.0, 0.9123305070955544, 4.0]
[16.0, 0.6956309334599464, 4.0]
[15.0, 2.139619891368985, 3.0]
[16.0, 1.5504493308923313, 4.0]
[18.0, 1.5475367003506038, 4.0]
[18.0, 2.966548034294946, 2.0]
[16.0, 1.6336793710032238, 4.0]
[17.0, 2.3325403195354064, 3.0]
[16.0, 3.270262309404739, 1.0]
[17.0, 0.3464705925902769, 4.0]
[15.0, 1.8949043363401072, 4.0]
[15.0, 1.4567426010872695, 4.0]
[15.0, 2.5537231512721896, 2.0]
[18.0, 2.224197461212005, 3.0]
[15.0, 1.8476004181084256, 4.0]
[17.0, 1.849760707133483, 4.0]
[15.0, 3.268794215560215, 1.0]
[16.0, 2.546516637246023, 2.0]
[16.0, 3.1012292205041274, 1.0]
[18.0, 0.6559540779626771, 4.0]
[16.0, 3.088512305616677, 1.0]
[17.0, 1.992559805482, 4.0]
[15.0, 2.605247445547851, 2.0]
[18.0, 1.7339724542334658, 4.0]
[15.0, 1.11384878785912, 4.0]
[15.0, 1.6492502516618042, 4.0]
[17.0, 1.3375549802098765, 4.0]
[16.0, 1.9846599185571745, 4.0]
[16.0, 3.060881655966949, 1.0]
[15.0, 2.3928973584250004, 3.0]
[18.0, 2.0837969900967988, 3.0]
[16.0, 3.64573804877044, 0.0]
[18.0, 0.322286081625407, 4.0]
[16.0, 1.129514334361546, 4.0]
[18.0, 0.6307569438666114, 4.0]
[17.0, 3.157229638804093, 1.0]
[18.0, 0.680087787496653, 4.0]
[17.0, 0.7963598478866475, 4.0]
[17.0, 2.844039214925591, 2.0]
[18.0, 1.253451854215859, 4.0]
[17.0, 0.534508880538856, 4.0]
[15.0, 3.191046118219917, 1.0]
[17.0, 2.81542127530912, 2.0]
[16.0, 2.1571223032650955, 3.0]
[18.0, 2.7238280604010647, 2.0]
[15.0, 2.627693905554347, 2.0]
[18.0, 0.9124156208354256, 4.0]
[16.0, 2.609623081817451, 2.0]
[16.0, 2.981992255406158, 2.0]
[16.0, 1.625082773696198, 4.0]
[17.0, 1.3616984178594074, 4.0]
[17.0, 1.9169618961294344, 4.0]
[18.0, 1.011253194616751, 4.0]
[18.0, 2.3321590405051187, 3.0]
[15.0, 3.387938347765993, 1.0]
[15.0, 2.384690791358408, 3.0]
[18.0, 2.7808169956104924, 2.0]
[17.0, 0.5348357535394734, 4.0]
[16.0, 2.542214348782037, 2.0]
[18.0, 3.0071290674312805, 1.0]
[15.0, 2.9858098143768106, 2.0]
[17.0, 1.9493060573283008, 4.0]
[18.0, 2.1478451963634986, 3.0]
[18.0, 1.1757680252358405, 4.0]
[17.0, 1.4003632540944204, 4.0]
[18.0, 1.7555440233413917, 4.0]
[17.0, 2.900096239205548, 2.0]
[16.0, 1.0334594906901564, 4.0]
[17.0, 1.907742363387151, 4.0]
[17.0, 1.880909289765476, 4.0]
[17.0, 2.614950353949793, 2.0]
[18.0, 3.1071355935726115, 1.0]
[18.0, 1.3864645615000095, 4.0]
[17.0, 2.833760071844812, 2.0]
[18.0, 1.0861513973549914, 4.0]
[15.0, 2.874037360035303, 2.0]
[15.0, 2.895671304659184, 2.0]
[18.0, 3.1813076022771107, 1.0]
[18.0, 0.4712831088434319, 4.0]
[17.0, 2.2113795279733512, 3.0]
[16.0, 3.375252255246081, 1.0]
[18.0, 3.203858190796927, 1.0]
[15.0, 3.3501791105924874, 1.0]
[17.0, 1.7257915297427142, 4.0]
[18.0, 2.2166038146961022, 3.0]
[15.0, 2.0046273170074884, 3.0]
[15.0, 0.7157420455446748, 4.0]
[16.0, 3.8806400848697424, 0.0]
[17.0, 1.689528158418944, 4.0]
[17.0, 1.7579788035014272, 4.0]
[16.0, 2.136399546240388, 3.0]
[16.0, 0.911568270646688, 4.0]
[17.0, 1.1378011102056016, 4.0]
[17.0, 2.34926492736688, 3.0]
[18.0, 0.6237474365472879, 4.0]
[18.0, 0.3410294459251265, 4.0]
[16.0, 2.223813666751698, 3.0]
[18.0, 2.328240384630152, 3.0]
[15.0, 1.6230778220088506, 4.0]
[18.0, 2.200896321528595, 3.0]
[18.0, 2.5841106550638626, 2.0]
[15.0, 2.9965033042477023, 2.0]
[16.0, 2.373993481435845, 3.0]
[15.0, 2.8304044557095467, 2.0]
[18.0, 2.5251155338354896, 2.0]
[16.0, 1.0429816505882752, 4.0]
[18.0, 2.661096903670216, 2.0]
[15.0, 1.599593887728051, 4.0]
[15.0, 1.7994091491725042, 4.0]
[18.0, 2.6576385566960075, 2.0]
[17.0, 2.998484061883098, 2.0]
[17.0, 2.977408432892682, 2.0]
[15.0, 1.3751641369478076, 4.0]
[15.0, 1.84886644019124, 4.0]
[17.0, 2.442456200129272, 3.0]
[17.0, 2.8560385143532114, 2.0]
[18.0, 1.206150230255099, 4.0]
[18.0, 0.8959029903990774, 4.0]
[17.0, 0.2731909291583428, 4.0]
[18.0, 0.66750896106505, 4.0]
[18.0, 1.0894406041524294, 4.0]
[16.0, 2.813211008121627, 2.0]
[18.0, 1.8687585897071977, 4.0]
[15.0, 3.0356935955108426, 1.0]
[18.0, 2.13535680128746, 3.0]
[18.0, 3.038116129209991, 1.0]
[17.0, 0.9941294103867458, 4.0]
[15.0, 1.2325571657328191, 4.0]
[18.0, 0.8644037429995793, 4.0]
[18.0, 0.1152318548488273, 4.0]
[16.0, 2.934586305266487, 2.0]
[18.0, 2.0469388171096283, 3.0]
[18.0, 3.065473133634235, 1.0]
[16.0, 2.437026300114272, 3.0]
[17.0, 2.427614635957672, 3.0]
[18.0, 0.7771509547591905, 4.0]
[16.0, 1.879575445166732, 4.0]
[15.0, 1.596574874404599, 4.0]
[17.0, 0.7045952434646587, 4.0]
[15.0, 0.7641866973896485, 4.0]
[15.0, 1.503416679305313, 4.0]
[16.0, 1.5258378621561266, 4.0]
[18.0, 2.2708411075244164, 3.0]
[16.0, 3.402352538644452, 1.0]
[16.0, 1.4382049683676248, 4.0]
[16.0, 0.3365712986081556, 4.0]
[16.0, 3.1122811365205387, 1.0]
[17.0, 3.770694721842285, 0.0]
[18.0, 1.655613322522051, 4.0]
[15.0, 1.0504696915596752, 4.0]
[15.0, 2.5353912836886785, 2.0]
[18.0, 1.3960904942452492, 4.0]
[15.0, 2.025416982399455, 3.0]
[18.0, 3.2683025478531924, 1.0]
[15.0, 2.017218038843316, 3.0]
[16.0, 2.3976825794915584, 3.0]
[15.0, 0.2878673233291232, 4.0]
[18.0, 1.5487102111350304, 4.0]
[18.0, 2.905242112307261, 2.0]
[18.0, 0.2489771312307257, 4.0]
[18.0, 3.4184098665461984, 1.0]
[18.0, 0.5829208864689581, 4.0]
[17.0, 0.930028645913522, 4.0]
[17.0, 2.679085718058188, 2.0]
[15.0, 3.1062304249844512, 1.0]
[18.0, 2.781287883700032, 2.0]
[15.0, 4.0, 0.0]
[18.0, 2.3327839636333105, 3.0]
[18.0, 3.0677183698465544, 1.0]
[17.0, 0.869123386308555, 4.0]
[17.0, 1.5205038773800068, 4.0]
[16.0, 3.2898231421759827, 1.0]
[17.0, 2.1757392926719743, 3.0]
[16.0, 1.8524286908169367, 4.0]
[16.0, 1.4772887703973712, 4.0]
[16.0, 2.878926862568036, 2.0]
[16.0, 1.0580507720986625, 4.0]
[16.0, 2.572890420104166, 2.0]
[15.0, 3.5877355870777485, 0.0]
[17.0, 1.30141801379926, 4.0]
[16.0, 3.2094931359032093, 1.0]
[18.0, 2.5372306390536963, 2.0]
[17.0, 1.9893957592572007, 4.0]
[17.0, 3.0042333028010937, 1.0]
[16.0, 1.5135167558797396, 4.0]
[15.0, 2.172740551700977, 3.0]
[16.0, 0.6416491686246723, 4.0]
[15.0, 2.7535902317989964, 2.0]
[18.0, 1.0384883524708666, 4.0]
[17.0, 2.255019102931137, 3.0]
[18.0, 1.666702257521599, 4.0]
[15.0, 2.499459429635027, 3.0]
[15.0, 0.2782154592390721, 4.0]
[18.0, 2.6375942281323583, 2.0]
[15.0, 3.0571217282122816, 1.0]
[18.0, 1.3619328272119078, 4.0]
[17.0, 3.2389317177358112, 1.0]
[18.0, 2.573034385056746, 2.0]
[17.0, 0.0, 4.0]
[18.0, 3.143909878121016, 1.0]
[15.0, 1.04646340029671, 4.0]
[18.0, 2.868574228220813, 2.0]
[15.0, 2.6394472915746228, 2.0]
[18.0, 2.669749932596335, 2.0]
[18.0, 2.794885282534225, 2.0]
[16.0, 1.1865697291923056, 4.0]
[15.0, 2.520175258554297, 2.0]
[16.0, 1.6010784880682591, 4.0]
[15.0, 0.0, 4.0]
[16.0, 1.5950547587554351, 4.0]
[17.0, 2.222002853095735, 3.0]
[18.0, 1.6150931484836668, 4.0]
[15.0, 1.6759194307143808, 4.0]
[15.0, 0.2143195035843396, 4.0]
[18.0, 1.5567655569083212, 4.0]
[15.0, 2.154199353389932, 3.0]
[15.0, 2.0706693123979414, 3.0]
[16.0, 0.5672371067999946, 4.0]
[15.0, 2.162688107920216, 3.0]
[17.0, 1.2912304259430896, 4.0]
[17.0, 2.340156389104695, 3.0]
[18.0, 2.923969740063049, 2.0]
[15.0, 2.1901466017791726, 3.0]
[18.0, 3.0742141920071315, 1.0]
[17.0, 1.009430321848957, 4.0]
[15.0, 2.118500601923897, 3.0]
[15.0, 2.615347947639846, 2.0]
[18.0, 0.4159305071778432, 4.0]
[17.0, 3.9470929642201775, 0.0]
[15.0, 3.0173532270832526, 1.0]
[18.0, 2.813786291054958, 2.0]
[17.0, 0.7696361214560695, 4.0]
[18.0, 0.8922661351679123, 4.0]
[16.0, 3.666290826527483, 0.0]
[15.0, 1.4015482387657991, 4.0]
[16.0, 1.4233383361752172, 4.0]
[17.0, 3.149644743525513, 1.0]
[16.0, 2.353731151756538, 3.0]
[16.0, 1.1613543513353255, 4.0]
[17.0, 2.6471959858736853, 2.0]
[18.0, 1.2989979848488324, 4.0]
[16.0, 2.6441973683601545, 2.0]
[18.0, 1.737989618721448, 4.0]
[16.0, 2.0187768989965207, 3.0]
[18.0, 0.7177804975968944, 4.0]
[17.0, 2.2675844008883907, 3.0]
[16.0, 1.2714946229661936, 4.0]
[17.0, 2.6216668933929705, 2.0]
[16.0, 1.228528505250038, 4.0]
[17.0, 2.4953123609841468, 3.0]
[17.0, 0.7017618078332725, 4.0]
[16.0, 3.8649768612963977, 0.0]
[16.0, 0.684651926072042, 4.0]
[16.0, 1.88585022368373, 4.0]
[15.0, 2.3278327626806856, 3.0]
[18.0, 0.8802328124843197, 4.0]
[15.0, 1.4119815069059265, 4.0]
[15.0, 1.6625318303754022, 4.0]
[17.0, 1.3415984768250016, 4.0]
[16.0, 0.6592029163279249, 4.0]
[18.0, 2.153371206457846, 3.0]
[17.0, 2.4431029199121954, 3.0]
[15.0, 0.2700885546341743, 4.0]
[16.0, 1.316724623344178, 4.0]
[17.0, 0.8177142023856205, 4.0]
[16.0, 2.056945969742978, 3.0]
[17.0, 3.219333348074609, 1.0]
[16.0, 2.2408700600381573, 3.0]
[15.0, 1.9137997969013387, 4.0]
[18.0, 2.240334376463302, 3.0]
[15.0, 2.254547586191716, 3.0]
[18.0, 1.8913004299388907, 4.0]
[16.0, 2.2062263414776675, 3.0]
[17.0, 3.335098154642011, 1.0]
[15.0, 2.4119864614713284, 3.0]
[18.0, 2.1609785190420574, 3.0]
[15.0, 1.165394363121266, 4.0]
[18.0, 2.58350063639477, 2.0]
[15.0, 3.017063255946228, 1.0]
[18.0, 2.5761746968185832, 2.0]
[18.0, 0.2333498804715068, 4.0]
[16.0, 3.646516388949796, 0.0]
[18.0, 2.6054252316173008, 2.0]
[16.0, 3.3669295153821057, 1.0]
[18.0, 1.5837802579379994, 4.0]
[17.0, 0.7763967059483814, 4.0]
[17.0, 0.7834866400151184, 4.0]
[17.0, 2.328311711261717, 3.0]
[18.0, 2.718465435794503, 2.0]
[16.0, 3.2448822032661777, 1.0]
[16.0, 2.8656747490202017, 2.0]
[18.0, 2.326326756466653, 3.0]
[17.0, 3.303066678642581, 1.0]
[17.0, 2.4892182377565297, 3.0]
[16.0, 2.600264186907329, 2.0]
[17.0, 2.119171492034809, 3.0]
[15.0, 2.522694547891483, 2.0]
[16.0, 2.475854110200245, 3.0]
[17.0, 0.782809234051424, 4.0]
[16.0, 0.7664048694920337, 4.0]
[15.0, 1.2836220775478306, 4.0]
[16.0, 0.6431459327503606, 4.0]
[16.0, 1.6692302172984, 4.0]
[16.0, 3.282070050593753, 1.0]
[16.0, 0.7437140169647167, 4.0]
[15.0, 3.3250668431789085, 1.0]
[18.0, 1.184519764401664, 4.0]
[16.0, 1.6165360987452144, 4.0]
[16.0, 1.5830839708839028, 4.0]
[17.0, 0.1842514890903642, 4.0]
[16.0, 0.4721810422090253, 4.0]
[17.0, 1.2993555178087297, 4.0]
[18.0, 2.379628283206932, 3.0]
[15.0, 3.5662831299671103, 0.0]
[15.0, 0.2783475708696343, 4.0]
[18.0, 2.4215468827715467, 3.0]
[15.0, 0.6176804235913715, 4.0]
[18.0, 1.804726657837384, 4.0]
[18.0, 2.635208129638253, 2.0]
[18.0, 3.436025388769573, 1.0]
[15.0, 2.73737792616276, 2.0]
[17.0, 1.1466960797952552, 4.0]
[18.0, 2.4052675257641485, 3.0]
[16.0, 1.5252820489261911, 4.0]
[15.0, 2.446157080635824, 3.0]
[18.0, 1.9529530122549463, 4.0]
[18.0, 2.293087191388992, 3.0]
[16.0, 1.4716720294797634, 4.0]
[17.0, 1.106713497753671, 4.0]
[17.0, 1.2058569757056352, 4.0]
[17.0, 2.5590703550177483, 2.0]
[18.0, 2.457651022495708, 3.0]
[18.0, 1.2267412857712765, 4.0]
[18.0, 1.5904330983565391, 4.0]
[15.0, 0.3106695325979863, 4.0]
[16.0, 2.7718106588704914, 2.0]
[18.0, 1.5826829916643974, 4.0]
[16.0, 1.1055870981431069, 4.0]
[16.0, 2.3002961351673665, 3.0]
[17.0, 0.9918836980476614, 4.0]
[15.0, 0.1651106215518772, 4.0]
[18.0, 0.9893299205987556, 4.0]
[17.0, 2.230253521333785, 3.0]
[17.0, 1.3835280778946648, 4.0]
[18.0, 2.1314052629810774, 3.0]
[16.0, 1.86827692299816, 4.0]
[17.0, 1.2474819436382791, 4.0]
[16.0, 0.2999075475985059, 4.0]
[15.0, 2.7051956947945466, 2.0]
[16.0, 0.8979380920800135, 4.0]
[15.0, 1.3917317913625924, 4.0]
[16.0, 2.150546165993222, 3.0]
[17.0, 1.448741241526555, 4.0]
[17.0, 0.0, 4.0]
[15.0, 3.091715028356484, 1.0]
[18.0, 2.576927695452172, 2.0]
[15.0, 1.9558725265628367, 4.0]
[15.0, 1.8787083443226635, 4.0]
[16.0, 1.6304001316060543, 4.0]
[16.0, 2.372748110360667, 3.0]
[15.0, 1.279370611476852, 4.0]
[17.0, 0.155004788411154, 4.0]
[16.0, 1.2783470336697191, 4.0]
[18.0, 2.6559935659147995, 2.0]
[16.0, 2.6823160526270176, 2.0]
[16.0, 1.6448199394832874, 4.0]
[18.0, 1.3962784383778892, 4.0]
[15.0, 1.6094867987939343, 4.0]
[18.0, 1.187367524649196, 4.0]
[15.0, 2.0197970227132727, 3.0]
[15.0, 0.2416256282208843, 4.0]
[15.0, 1.2477251942052905, 4.0]
[18.0, 0.8526823634027514, 4.0]
[15.0, 0.9657009889491656, 4.0]
[17.0, 2.423800751639832, 3.0]
[18.0, 1.7419681672894356, 4.0]
[17.0, 2.8459257757426046, 2.0]
[15.0, 2.039564398044963, 3.0]
[16.0, 1.5420637396404375, 4.0]
[15.0, 0.7307796023629439, 4.0]
[17.0, 0.4999877783931601, 4.0]
[17.0, 1.122889381075435, 4.0]
[18.0, 2.9594927281039074, 2.0]
[16.0, 2.300205239575968, 3.0]
[18.0, 1.35272076359225, 4.0]
[17.0, 2.13406203808262, 3.0]
[15.0, 1.2997943203369946, 4.0]
[16.0, 0.7478339441237737, 4.0]
[15.0, 0.5329232037789974, 4.0]
[15.0, 2.0737697903171566, 3.0]
[16.0, 1.9913793639901416, 4.0]
[18.0, 1.8999595995373024, 4.0]
[15.0, 2.6148839418291825, 2.0]
[17.0, 1.8102707442887624, 4.0]
[15.0, 1.581931480635446, 4.0]
[16.0, 2.271332803302088, 3.0]
[16.0, 3.363670491095614, 1.0]
[16.0, 0.4812984804652508, 4.0]
[18.0, 0.1999273794512188, 4.0]
[15.0, 1.2680087507224682, 4.0]
[18.0, 0.8825524540001173, 4.0]
[18.0, 3.120136639384952, 1.0]
[16.0, 1.8041546917762192, 4.0]
[16.0, 0.6817036435058786, 4.0]
[18.0, 2.898261817162794, 2.0]
[15.0, 1.7303180027913696, 4.0]
[17.0, 3.560791672128213, 0.0]
[18.0, 2.528774574406828, 2.0]
[15.0, 1.5923878582033109, 4.0]
[16.0, 2.3741309720150148, 3.0]
[16.0, 1.810409480041144, 4.0]
[15.0, 2.829826431301572, 2.0]
[17.0, 3.0476020888188065, 1.0]
[16.0, 3.625921730346796, 0.0]
[16.0, 0.9273215453238872, 4.0]
[16.0, 1.331958948764275, 4.0]
[15.0, 0.7795517215186132, 4.0]
[18.0, 0.8813584466312141, 4.0]
[16.0, 2.398121085937693, 3.0]
[18.0, 0.7588142687845363, 4.0]
[17.0, 1.0288655959633797, 4.0]
[16.0, 1.4444766951837589, 4.0]
[16.0, 2.214067459161345, 3.0]
[17.0, 2.5119180875322624, 2.0]
[16.0, 2.6901498030104545, 2.0]
[18.0, 1.6052743861754348, 4.0]
[15.0, 2.709889487418108, 2.0]
[18.0, 1.528563501341875, 4.0]
[15.0, 1.7785692022870156, 4.0]
[15.0, 2.1219640588635724, 3.0]
[18.0, 0.4059048314284253, 4.0]
[18.0, 1.123926327741214, 4.0]
[18.0, 0.8703304110318186, 4.0]
[18.0, 1.8228292080685773, 4.0]
[17.0, 2.231182931946249, 3.0]
[16.0, 0.9669677174911444, 4.0]
[15.0, 1.69185894616234, 4.0]
[18.0, 2.0697582058612616, 3.0]
[18.0, 1.0578761267920678, 4.0]
[18.0, 1.3214272070130963, 4.0]
[17.0, 3.5169407207158963, 0.0]
[18.0, 1.0491570024752104, 4.0]
[18.0, 3.4861413290978023, 1.0]
[18.0, 0.586837405483887, 4.0]
[16.0, 2.3588158974550537, 3.0]
[17.0, 3.152222285699565, 1.0]
[18.0, 0.5878350833437533, 4.0]
[15.0, 2.66889332908893, 2.0]
[15.0, 0.3043720342532843, 4.0]
[15.0, 0.2806703078814149, 4.0]
[17.0, 0.8730911973563495, 4.0]
[17.0, 2.330783482945125, 3.0]
[15.0, 0.318850908518507, 4.0]
[18.0, 1.7922893205354298, 4.0]
[17.0, 2.573219136505813, 2.0]
[15.0, 1.0844901258226167, 4.0]
[15.0, 1.0866966802818123, 4.0]
[18.0, 1.00411266268769, 4.0]
[16.0, 2.824604892517854, 2.0]
[17.0, 1.364373782117196, 4.0]
[18.0, 2.6072864007904446, 2.0]
[15.0, 0.5684680837933294, 4.0]
[15.0, 0.5737961933285499, 4.0]
[18.0, 2.258071035198048, 3.0]
[17.0, 2.840092975101314, 2.0]
[16.0, 1.6831172628416484, 4.0]
[16.0, 1.7209071500753406, 4.0]
[15.0, 1.5377839093207275, 4.0]
[17.0, 2.0634635075132985, 3.0]
[16.0, 1.878547509948441, 4.0]
[17.0, 0.8632708590471806, 4.0]
[17.0, 2.513286133011632, 2.0]
[15.0, 2.7721632696203784, 2.0]
[16.0, 2.8883859357893624, 2.0]
[18.0, 1.3371610494936967, 4.0]
[15.0, 2.3706116146947664, 3.0]
[16.0, 0.8544646477713151, 4.0]
[16.0, 0.3226418269944476, 4.0]
[16.0, 1.834226997089304, 4.0]
[16.0, 1.9900604524480008, 4.0]
[16.0, 2.226983393791037, 3.0]
[17.0, 2.60838689826964, 2.0]
[15.0, 3.4063390822727126, 1.0]
[17.0, 0.8670343739276987, 4.0]
[18.0, 2.166091325158555, 3.0]
[16.0, 2.4229283329107885, 3.0]
[15.0, 1.509557877776469, 4.0]
[16.0, 2.44385726431874, 3.0]
[15.0, 2.0038283786309425, 3.0]
[17.0, 2.465306489467062, 3.0]
[15.0, 0.8447920018716684, 4.0]
[18.0, 2.731058898448731, 2.0]
[18.0, 1.736011489374202, 4.0]
[15.0, 2.5896707308558047, 2.0]
[15.0, 2.7423611231016096, 2.0]
[15.0, 2.4959194397063627, 3.0]
[15.0, 2.8534371942017955, 2.0]
[18.0, 1.5913479919456928, 4.0]
[16.0, 3.209673328360458, 1.0]
[15.0, 3.127617865184041, 1.0]
[15.0, 3.453275896757228, 1.0]
[18.0, 0.8227735669667381, 4.0]
[18.0, 1.2173352280449594, 4.0]
[17.0, 0.7626843112270509, 4.0]
[15.0, 2.145848670885439, 3.0]
[17.0, 3.299131001833344, 1.0]
[18.0, 1.1708122846030742, 4.0]
[18.0, 1.4245956528715278, 4.0]
[16.0, 2.9026593668557465, 2.0]
[15.0, 0.691477418739295, 4.0]
[17.0, 1.8865425000782805, 4.0]
[18.0, 2.635341351261105, 2.0]
[18.0, 1.5003394189345471, 4.0]
[17.0, 1.2355538161189008, 4.0]
[16.0, 0.604613405510861, 4.0]
[18.0, 1.3881389762566787, 4.0]
[15.0, 3.3005522062792574, 1.0]
[18.0, 2.16864159345454, 3.0]
[15.0, 2.797267479731933, 2.0]
[17.0, 1.7174586153875433, 4.0]
[15.0, 1.6879004923340846, 4.0]
[17.0, 2.95214586347002, 2.0]
[15.0, 0.9633750092514732, 4.0]
[17.0, 3.334971827985916, 1.0]
[15.0, 0.4436406552124723, 4.0]
[16.0, 1.955791738835412, 4.0]
[15.0, 2.850351339225344, 2.0]
[15.0, 2.370067422230533, 3.0]
[16.0, 0.1525907792336783, 4.0]
[18.0, 2.123043126970309, 3.0]
[18.0, 0.9220132315429356, 4.0]
[15.0, 1.42899323811113, 4.0]
[16.0, 1.8934409155419147, 4.0]
[15.0, 1.9395846660340497, 4.0]
[17.0, 1.511276997165948, 4.0]
[17.0, 0.8256041743927887, 4.0]
[15.0, 1.7643543086537177, 4.0]
[18.0, 1.295594900495879, 4.0]
[18.0, 2.4737171780781475, 3.0]
[15.0, 0.0197984850174091, 4.0]
[15.0, 2.202958505711277, 3.0]
[17.0, 3.0400254359810663, 1.0]
[18.0, 1.0690799865648395, 4.0]
[15.0, 3.9417600224442615, 0.0]
[17.0, 1.48259597306949, 4.0]
[18.0, 3.042275369333665, 1.0]
[16.0, 2.1039665103433465, 3.0]
[17.0, 1.7875223290156508, 4.0]
[18.0, 1.1003818825946587, 4.0]
[18.0, 0.8545582885805375, 4.0]
[17.0, 1.199651387587034, 4.0]
[16.0, 2.591940919144186, 2.0]
[17.0, 2.28221274517396, 3.0]
[18.0, 2.754877493270432, 2.0]
[15.0, 1.9212686469167608, 4.0]
[15.0, 1.5835564956915291, 4.0]
[17.0, 1.7233856864018513, 4.0]
[18.0, 2.8760550053652034, 2.0]
[15.0, 1.8889919304287464, 4.0]
[18.0, 1.369369967422703, 4.0]
[17.0, 2.550546233695912, 2.0]
[15.0, 1.943573340544709, 4.0]
[18.0, 3.3104012689001965, 1.0]
[15.0, 1.418938674503826, 4.0]
[17.0, 2.3530546550379574, 3.0]
[18.0, 1.7528862062165578, 4.0]
[15.0, 0.5139629886917817, 4.0]
[17.0, 3.0219548675332906, 1.0]
[15.0, 1.8347494481922708, 4.0]
[15.0, 2.275700147008356, 3.0]
[16.0, 1.7676467845806807, 4.0]
[16.0, 1.353723074286344, 4.0]
[17.0, 1.0342011685600785, 4.0]
[16.0, 2.758341831164698, 2.0]
[17.0, 1.7899668741623316, 4.0]
[16.0, 1.223973606916021, 4.0]
[15.0, 2.443619105420938, 3.0]
[17.0, 0.3629570027561279, 4.0]
[17.0, 2.251753921949751, 3.0]
[15.0, 0.9000416924553322, 4.0]
[17.0, 0.6566169233161951, 4.0]
[17.0, 2.186426951334845, 3.0]
[16.0, 2.88313626573597, 2.0]
[17.0, 2.877853697636979, 2.0]
[18.0, 0.0120634896338959, 4.0]
[15.0, 2.583738162772638, 2.0]
[16.0, 1.1615545310949262, 4.0]
[16.0, 3.301690512687678, 1.0]
[18.0, 1.5051727733314488, 4.0]
[15.0, 1.385696220554564, 4.0]
[15.0, 2.240923948684623, 3.0]
[16.0, 2.116723382234456, 3.0]
[17.0, 1.0366568343647269, 4.0]
[16.0, 1.6174602067259882, 4.0]
[15.0, 0.8659455421420207, 4.0]
[18.0, 1.320245987222631, 4.0]
[16.0, 1.2597646826652291, 4.0]
[15.0, 0.0815731844151463, 4.0]
[16.0, 1.6896730848454322, 4.0]
[17.0, 0.4604216497595421, 4.0]
[16.0, 3.577043897429733, 0.0]
[16.0, 2.0878721266068734, 3.0]
[15.0, 3.3695843618327963, 1.0]
[15.0, 0.0, 4.0]
[15.0, 0.0946515916807701, 4.0]
[16.0, 1.4053156279015715, 4.0]
[17.0, 1.878264180025782, 4.0]
[18.0, 2.871904770418778, 2.0]
[18.0, 3.7079480402167513, 0.0]
[15.0, 1.1748680910745393, 4.0]
[15.0, 0.9954496418804064, 4.0]
[16.0, 2.5287112567899213, 2.0]
[18.0, 2.5968344902614566, 2.0]
[15.0, 2.46060677377515, 3.0]
[17.0, 0.5477807235419316, 4.0]
[17.0, 1.803054426736249, 4.0]
[15.0, 2.309975847769393, 3.0]
[15.0, 3.0933639433242823, 1.0]
[18.0, 2.615900723686996, 2.0]
[18.0, 2.27691831821056, 3.0]
[16.0, 1.0515315263472127, 4.0]
[18.0, 2.747706159044371, 2.0]
[17.0, 2.6216701040126886, 2.0]
[17.0, 0.2432980938442744, 4.0]
[15.0, 2.1947065208246226, 3.0]
[18.0, 2.639906487707337, 2.0]
[16.0, 0.8334934182533646, 4.0]
[17.0, 3.402401590802249, 1.0]
[17.0, 2.6162916954361832, 2.0]
[16.0, 0.3397153849684515, 4.0]
[16.0, 1.6977287802151977, 4.0]
[17.0, 2.356856806870208, 3.0]
[17.0, 0.8456248398851254, 4.0]
[16.0, 2.246545273169087, 3.0]
[17.0, 2.478699182829052, 3.0]
[15.0, 1.3742882826190426, 4.0]
[15.0, 1.3553810454285826, 4.0]
[16.0, 3.060490750087925, 1.0]
[18.0, 1.5569571221233611, 4.0]
[16.0, 3.219531247903172, 1.0]
[16.0, 1.150153548429549, 4.0]
[18.0, 1.3214293024924364, 4.0]
[18.0, 3.4913265883378144, 1.0]
[18.0, 3.869586724204369, 0.0]
[15.0, 0.1704636132529806, 4.0]
[17.0, 2.197387290025697, 3.0]
[15.0, 0.0211555827545139, 4.0]
[17.0, 2.386799507281263, 3.0]
[15.0, 1.3610312878747248, 4.0]
[17.0, 3.5106808899730706, 0.0]
[15.0, 1.4373707502913808, 4.0]
[18.0, 1.8044174585321688, 4.0]
[16.0, 3.262269864334146, 1.0]
[15.0, 1.169658238097338, 4.0]
[17.0, 1.4015509339508203, 4.0]
[18.0, 0.5496018253589585, 4.0]
[15.0, 1.5165082679194366, 4.0]
[15.0, 2.0322195117185347, 3.0]
[18.0, 2.289299775238682, 3.0]
[15.0, 2.086687740995232, 3.0]
[16.0, 1.6676669904535018, 4.0]
[15.0, 2.595889050696416, 2.0]
[16.0, 1.9507691766596456, 4.0]
[16.0, 2.1025418985543585, 3.0]
[18.0, 1.3791671997209602, 4.0]
[15.0, 0.6721996800613397, 4.0]
[18.0, 1.1416385674703, 4.0]
[15.0, 1.6210121147431664, 4.0]
[15.0, 1.1221109734183077, 4.0]
[17.0, 3.402044108383005, 1.0]
[15.0, 2.683854738684956, 2.0]
[18.0, 2.996856278708232, 2.0]
[16.0, 1.2848657108072905, 4.0]
[15.0, 1.2010533026138683, 4.0]
[17.0, 1.978021718438136, 4.0]
[18.0, 3.836698640240594, 0.0]
[15.0, 1.1799034066853449, 4.0]
[18.0, 1.5400594595413652, 4.0]
[17.0, 3.158858262221248, 1.0]
[17.0, 1.7524968355129966, 4.0]
[18.0, 3.045113482146093, 1.0]
[15.0, 1.1656039458580214, 4.0]
[16.0, 1.7857607910876625, 4.0]
[17.0, 0.8411087173537893, 4.0]
[15.0, 2.397182557625913, 3.0]
[15.0, 3.576909015459067, 0.0]
[16.0, 3.2251582751891634, 1.0]
[17.0, 0.0, 4.0]
[17.0, 2.8066977641918256, 2.0]
[15.0, 3.421837670026282, 1.0]
[15.0, 2.105309278797112, 3.0]
[16.0, 3.1609020911559265, 1.0]
[16.0, 2.993541560404552, 2.0]
[17.0, 2.490220425623977, 3.0]
[18.0, 2.130832779640812, 3.0]
[17.0, 0.8384648733197381, 4.0]
[15.0, 0.6767710334068527, 4.0]
[17.0, 1.7359565115853166, 4.0]
[18.0, 1.254572618142762, 4.0]
[16.0, 1.9226882349760128, 4.0]
[18.0, 2.191998419606377, 3.0]
[18.0, 1.757523486205053, 4.0]
[18.0, 1.9241023198927736, 4.0]
[16.0, 2.8079741296204626, 2.0]
[18.0, 2.138772677122642, 3.0]
[18.0, 1.3638410472397342, 4.0]
[18.0, 1.722726052159269, 4.0]
[15.0, 1.1921084719956991, 4.0]
[18.0, 1.5347823896807868, 4.0]
[16.0, 0.1152432109582913, 4.0]
[18.0, 1.562359564441758, 4.0]
[18.0, 2.096032624938282, 3.0]
[16.0, 3.009238322704304, 1.0]
[18.0, 2.071108064884564, 3.0]
[16.0, 1.7473564518959883, 4.0]
[18.0, 1.0798673690024294, 4.0]
[16.0, 2.271400211003181, 3.0]
[18.0, 2.117233031215417, 3.0]
[18.0, 0.7435923583787316, 4.0]
[15.0, 1.892745844623002, 4.0]
[15.0, 1.58646418895305, 4.0]
[18.0, 3.512322894833646, 0.0]
[18.0, 2.629211521173767, 2.0]
[17.0, 1.836642800001118, 4.0]
[16.0, 1.834359140428028, 4.0]
[17.0, 1.7660559772918876, 4.0]
[15.0, 3.201710217015248, 1.0]
[15.0, 1.263890771933725, 4.0]
[15.0, 1.4277243762746905, 4.0]
[15.0, 1.0707079518820537, 4.0]
[18.0, 0.8327175057955102, 4.0]
[15.0, 3.1302227945215697, 1.0]
[18.0, 2.537098950572448, 2.0]
[18.0, 1.671076181781797, 4.0]
[15.0, 0.8165506596743497, 4.0]
[15.0, 1.1314027355141834, 4.0]
[16.0, 0.3331542282930413, 4.0]
[17.0, 1.4890630202510051, 4.0]
[15.0, 1.6833300315712254, 4.0]
[16.0, 1.921942133736121, 4.0]
[16.0, 1.9400069221827017, 4.0]
[17.0, 1.0658486732058416, 4.0]
[18.0, 0.9689861311254953, 4.0]
[15.0, 2.686144990139594, 2.0]
[17.0, 3.520612391633881, 0.0]
[15.0, 2.8159732956810704, 2.0]
[16.0, 3.487510668221957, 1.0]
[16.0, 3.5921289778598062, 0.0]
[18.0, 1.5784416654580549, 4.0]
[16.0, 1.8860081741258312, 4.0]
[16.0, 2.366010872187284, 3.0]
[17.0, 2.434934378846439, 3.0]
[15.0, 0.3931864713624303, 4.0]
[15.0, 0.7132676650608875, 4.0]
[17.0, 2.574449970243328, 2.0]
[18.0, 0.7005398668998437, 4.0]
[15.0, 1.586289237455222, 4.0]
[16.0, 2.058575292693283, 3.0]
[15.0, 3.1296400506375512, 1.0]
[16.0, 3.539198711532371, 0.0]
[18.0, 2.05996665628182, 3.0]
[17.0, 1.756035494723187, 4.0]
[15.0, 2.6226010520500767, 2.0]
[17.0, 0.2628611666623931, 4.0]
[15.0, 1.704415088568228, 4.0]
[16.0, 2.1044499314712546, 3.0]
[17.0, 0.8375123196439725, 4.0]
[15.0, 0.556828032953946, 4.0]
[16.0, 3.3501309740346112, 1.0]
[17.0, 3.279646224162432, 1.0]
[17.0, 1.5563289566907113, 4.0]
[15.0, 2.8463787534192235, 2.0]
[15.0, 1.137899800685294, 4.0]
[15.0, 1.3917877793457225, 4.0]
[16.0, 2.182795221152233, 3.0]
[15.0, 2.2538711785078176, 3.0]
[17.0, 2.254020037243272, 3.0]
[17.0, 0.3925490106038808, 4.0]
[15.0, 1.484857697467839, 4.0]
[15.0, 2.672093364300088, 2.0]
[18.0, 1.83151128144078, 4.0]
[17.0, 0.7581829737450007, 4.0]
[16.0, 2.9381754672014475, 2.0]
[18.0, 3.0549241250380565, 1.0]
[15.0, 0.9175822003619482, 4.0]
[15.0, 3.4608846527317176, 1.0]
[17.0, 1.84190774937114, 4.0]
[15.0, 1.185985514478241, 4.0]
[16.0, 2.4222306855709315, 3.0]
[17.0, 0.9126606733812742, 4.0]
[15.0, 3.073304472562818, 1.0]
[17.0, 2.1672829561454443, 3.0]
[15.0, 2.5538644982316425, 2.0]
[15.0, 2.4486025189472542, 3.0]
[15.0, 3.4632393046516823, 1.0]
[16.0, 1.442868859303521, 4.0]
[16.0, 0.9131278090050235, 4.0]
[17.0, 0.923753224971706, 4.0]
[15.0, 1.8435970826083627, 4.0]
[15.0, 2.0966454405051325, 3.0]
[16.0, 0.875367123899009, 4.0]
[15.0, 1.4490003209615303, 4.0]
[16.0, 3.0811935547787432, 1.0]
[15.0, 1.118752405383704, 4.0]
[17.0, 2.0622007000872045, 3.0]
[15.0, 1.5629116353425707, 4.0]
[15.0, 2.49283810766837, 3.0]
[18.0, 1.1001720410942128, 4.0]
[16.0, 2.693598515909963, 2.0]
[15.0, 1.6848422066992197, 4.0]
[15.0, 2.423585366966065, 3.0]
[18.0, 0.4050526130408124, 4.0]
[18.0, 0.6513407024247787, 4.0]
[16.0, 1.7948597502988235, 4.0]
[18.0, 0.9636319307546236, 4.0]
[17.0, 1.9307827968987483, 4.0]
[18.0, 0.9943347506957514, 4.0]
[17.0, 1.3543270341452454, 4.0]
[16.0, 0.7035731437813568, 4.0]
[16.0, 1.523945155165538, 4.0]
[16.0, 3.358694269179903, 1.0]
[16.0, 1.76569517319031, 4.0]
[16.0, 1.787402596174887, 4.0]
[17.0, 3.154023245749205, 1.0]
[17.0, 2.005144712913381, 3.0]
[16.0, 1.7207596503292208, 4.0]
[18.0, 3.127056224068401, 1.0]
[15.0, 1.441918756451196, 4.0]
[16.0, 1.6209212385063754, 4.0]
[18.0, 2.1962173498725552, 3.0]
[15.0, 3.1030753433789715, 1.0]
[16.0, 0.473623395542819, 4.0]
[16.0, 1.0438658671427483, 4.0]
[17.0, 2.385530670601707, 3.0]
[15.0, 0.2701103141247828, 4.0]
[15.0, 0.4389817405690688, 4.0]
[18.0, 1.558059855369601, 4.0]
[17.0, 3.680961344427839, 0.0]
[17.0, 2.1105837595046006, 3.0]
[17.0, 3.29154084100464, 1.0]
[17.0, 0.4277633541749704, 4.0]
[15.0, 2.846487468746025, 2.0]
[15.0, 1.7723554330096858, 4.0]
[16.0, 0.7975176691622691, 4.0]
[16.0, 3.52093145282294, 0.0]
[17.0, 1.5913657381425088, 4.0]
[17.0, 1.8640736524087984, 4.0]
[17.0, 2.4118406224250792, 3.0]
[16.0, 2.137692088152197, 3.0]
[18.0, 1.073333389897043, 4.0]
[18.0, 0.3124795812740794, 4.0]
[16.0, 0.5022261210258885, 4.0]
[16.0, 1.4903088969066125, 4.0]
[16.0, 0.8765441058695893, 4.0]
[16.0, 2.051919032041663, 3.0]
[16.0, 3.294332437143911, 1.0]
[16.0, 2.6078393525028623, 2.0]
[17.0, 2.207001981395421, 3.0]
[17.0, 1.629355895809393, 4.0]
[17.0, 0.4937411351889655, 4.0]
[17.0, 3.204313181292444, 1.0]
[16.0, 2.068111784968204, 3.0]
[18.0, 2.281345006080266, 3.0]
[15.0, 2.4821724081876124, 3.0]
[16.0, 2.622179001774681, 2.0]
[15.0, 3.350591978852337, 1.0]
[18.0, 0.8411757539950683, 4.0]
[17.0, 2.371982914818465, 3.0]
[18.0, 1.9225913490306887, 4.0]
[16.0, 1.0075173084456468, 4.0]
[17.0, 1.5538733401089513, 4.0]
[16.0, 1.2476927957970836, 4.0]
[17.0, 2.460743527113226, 3.0]
[15.0, 0.9633404310113688, 4.0]
[15.0, 2.083697985872881, 3.0]
[15.0, 2.942198841728139, 2.0]
[18.0, 3.1794507681007715, 1.0]
[16.0, 2.627337296160058, 2.0]
[18.0, 3.1094935788792104, 1.0]
[15.0, 1.4229175121495328, 4.0]
[16.0, 2.0582044841224825, 3.0]
[15.0, 2.917010983412451, 2.0]
[18.0, 3.1844421071087297, 1.0]
[18.0, 2.6053753688041805, 2.0]
[18.0, 2.346025741368296, 3.0]
[15.0, 2.23946398594873, 3.0]
[16.0, 1.7511633575642405, 4.0]
[16.0, 2.952721567213245, 2.0]
[15.0, 3.072136606487933, 1.0]
[16.0, 2.809311538791001, 2.0]
[15.0, 2.6440598613135307, 2.0]
[16.0, 1.3974290948962047, 4.0]
[17.0, 2.4400605261033226, 3.0]
[17.0, 2.626819237688588, 2.0]
[18.0, 1.4684288845931317, 4.0]
[17.0, 2.3806669165758354, 3.0]
[17.0, 2.303453349269981, 3.0]
[17.0, 1.5961281034309902, 4.0]
[15.0, 1.6853891464062594, 4.0]
[17.0, 1.8970003503646624, 4.0]
[17.0, 3.496776544580716, 1.0]
[18.0, 3.361230858272882, 1.0]
[17.0, 0.8217016697705576, 4.0]
[17.0, 2.6404761356980795, 2.0]
[16.0, 0.8972169272385859, 4.0]
[18.0, 1.674676218445066, 4.0]
[18.0, 0.906353743453148, 4.0]
[18.0, 2.4190289368571505, 3.0]
[18.0, 2.13144706871876, 3.0]
[18.0, 1.030802658909541, 4.0]
[18.0, 1.5095198602197917, 4.0]
[15.0, 1.7892398367181417, 4.0]
[17.0, 0.5964170171485198, 4.0]
[18.0, 1.4145556778225787, 4.0]
[17.0, 1.242176324159397, 4.0]
[17.0, 1.9347838118971947, 4.0]
[15.0, 2.315769874969324, 3.0]
[18.0, 1.818612560458433, 4.0]
[16.0, 2.3631214597500585, 3.0]
[15.0, 2.791339403107066, 2.0]
[16.0, 2.9545340837691567, 2.0]
[17.0, 1.8128870432088853, 4.0]
[17.0, 1.1414565556036804, 4.0]
[15.0, 2.295362280360723, 3.0]
[15.0, 1.6771008018764466, 4.0]
[16.0, 2.7521639310365127, 2.0]
[18.0, 1.201444582455696, 4.0]
[16.0, 2.901185606881623, 2.0]
[15.0, 2.6768273942833725, 2.0]
[16.0, 2.297639912551669, 3.0]
[15.0, 1.4514410214002431, 4.0]
[16.0, 2.981786874282664, 2.0]
[15.0, 1.4152214905212377, 4.0]
[15.0, 0.9285393441441628, 4.0]
[15.0, 0.984031782647104, 4.0]
[18.0, 1.382935704905427, 4.0]
[16.0, 1.8638998217614853, 4.0]
[16.0, 1.2284288472926583, 4.0]
[16.0, 2.137393264966037, 3.0]
[15.0, 2.434532444006976, 3.0]
[16.0, 2.2564883117007817, 3.0]
[16.0, 2.6891551121146304, 2.0]
[15.0, 3.1312358848124213, 1.0]
[17.0, 3.7702839726154447, 0.0]
[15.0, 0.7995911976901089, 4.0]
[16.0, 2.964668230929299, 2.0]
[15.0, 0.7027603188634381, 4.0]
[17.0, 1.1936177713396423, 4.0]
[15.0, 0.2999519061623816, 4.0]
[16.0, 3.299578873421429, 1.0]
[17.0, 0.2123670952038988, 4.0]
[18.0, 3.526125037802421, 0.0]
[16.0, 1.6117379539626009, 4.0]
[17.0, 3.343050864114286, 1.0]
[17.0, 0.0264686610642805, 4.0]
[18.0, 1.636403110402885, 4.0]
[15.0, 1.7097013783889978, 4.0]
[15.0, 1.4851118281074416, 4.0]
[16.0, 2.9994091469264443, 2.0]
[18.0, 3.515415829646008, 0.0]
[15.0, 2.91813912755296, 2.0]
[18.0, 1.3622335993641654, 4.0]
[15.0, 0.205067960146301, 4.0]
[17.0, 2.2332394663089845, 3.0]
[15.0, 3.159302938456266, 1.0]
[18.0, 1.994611703201556, 4.0]
[17.0, 0.9990885438974272, 4.0]
[17.0, 0.5219557256642748, 4.0]
[17.0, 3.463687549123432, 1.0]
[18.0, 1.9879647265294176, 4.0]
[16.0, 1.6819048043902567, 4.0]
[16.0, 0.1126350589951871, 4.0]
[16.0, 1.9079839135479155, 4.0]
[18.0, 1.1979333311054492, 4.0]
[17.0, 3.2152726848869184, 1.0]
[16.0, 2.190269258704484, 3.0]
[18.0, 1.1509661314441684, 4.0]
[16.0, 0.6901513450987352, 4.0]
[15.0, 1.5199552920755757, 4.0]
[16.0, 3.168988610106379, 1.0]
[16.0, 1.8081645587687407, 4.0]
[17.0, 1.1158787303056936, 4.0]
[18.0, 2.0033079798237297, 3.0]
[17.0, 0.8897149150878433, 4.0]
[17.0, 3.984673602658726, 0.0]
[17.0, 2.3254340649162404, 3.0]
[17.0, 0.6133163315649763, 4.0]
[17.0, 2.71222974268319, 2.0]
[16.0, 2.096616211446693, 3.0]
[17.0, 1.183063850341623, 4.0]
[17.0, 0.5601746057023475, 4.0]
[18.0, 1.1674254127713368, 4.0]
[15.0, 0.9231815615047178, 4.0]
[16.0, 3.84128624851289, 0.0]
[16.0, 1.212880751488374, 4.0]
[16.0, 0.9621492198905311, 4.0]
[17.0, 2.5020091336326127, 2.0]
[17.0, 2.4562237944460525, 3.0]
[17.0, 2.646556960552807, 2.0]
[18.0, 0.3817684951501578, 4.0]
[15.0, 2.396139095071558, 3.0]
[17.0, 2.595648862597705, 2.0]
[15.0, 4.0, 0.0]
[18.0, 1.4195226349555488, 4.0]
[16.0, 3.432684708354722, 1.0]
[17.0, 0.1293067518875465, 4.0]
[15.0, 2.9289482377250686, 2.0]
[15.0, 0.9471334632498166, 4.0]
[17.0, 2.9995441039151167, 2.0]
[16.0, 3.055386295398076, 1.0]
[16.0, 0.0, 4.0]
[16.0, 2.745858798383193, 2.0]
[18.0, 3.214628425697648, 1.0]
[15.0, 3.4154133242434344, 1.0]
[15.0, 1.4693892718306072, 4.0]
[15.0, 1.5521129376507927, 4.0]
[18.0, 3.548459826086951, 0.0]
[15.0, 0.192625111740147, 4.0]
[18.0, 1.3489974202990602, 4.0]
[16.0, 2.1431050688591977, 3.0]
[17.0, 2.4713865329338423, 3.0]
[15.0, 3.205425334412305, 1.0]
[15.0, 0.4541144380742554, 4.0]
[16.0, 2.809833207494068, 2.0]
[17.0, 2.997505608420635, 2.0]
[18.0, 1.1761890337144745, 4.0]
[17.0, 1.6689245457866109, 4.0]
[16.0, 1.6230040750090506, 4.0]
[16.0, 0.5177931283748711, 4.0]
[17.0, 1.9461006983336528, 4.0]
[18.0, 2.815003047977988, 2.0]
[18.0, 1.24818256681425, 4.0]
[15.0, 2.759014343384976, 2.0]
[18.0, 1.9212942080249984, 4.0]
[17.0, 2.732290675858265, 2.0]
[16.0, 2.2286086189122747, 3.0]
[15.0, 2.611688472593835, 2.0]
[15.0, 2.197776727185656, 3.0]
[16.0, 3.3355067927178226, 1.0]
[18.0, 1.7215979626358573, 4.0]
[16.0, 3.2879731984208025, 1.0]
[18.0, 2.561964556788972, 2.0]
[16.0, 2.3585718660404216, 3.0]
[17.0, 1.497673654260138, 4.0]
[18.0, 3.5172371287357262, 0.0]
[17.0, 2.404089819888117, 3.0]
[15.0, 2.5172289818586204, 2.0]
[16.0, 2.4352442824022056, 3.0]
[15.0, 1.283227506286419, 4.0]
[15.0, 1.099434304470497, 4.0]
[15.0, 2.1911967950430395, 3.0]
[15.0, 1.584478764070205, 4.0]
[16.0, 0.4757308333876264, 4.0]
[15.0, 1.2072685461345751, 4.0]
[16.0, 0.264924162952827, 4.0]
[16.0, 2.706659620286692, 2.0]
[17.0, 1.5304278892477712, 4.0]
[18.0, 3.1274525275923986, 1.0]
[18.0, 1.003614145687202, 4.0]
[16.0, 3.3692186048208828, 1.0]
[17.0, 2.79138610847234, 2.0]
[16.0, 0.6735259456903064, 4.0]
[16.0, 0.3375541414467983, 4.0]
[16.0, 0.886889415770466, 4.0]
[17.0, 1.5066627733506968, 4.0]
[18.0, 1.7051993889190245, 4.0]
[17.0, 1.972791413902718, 4.0]
[15.0, 2.626082828753646, 2.0]
[17.0, 1.671968652950504, 4.0]
[17.0, 3.0937609252908795, 1.0]
[17.0, 1.6433737595842497, 4.0]
[17.0, 0.3392066993150443, 4.0]
[18.0, 1.9263590676627524, 4.0]
[15.0, 0.4499062079461153, 4.0]
[18.0, 0.7095708392685087, 4.0]
[18.0, 1.748279682449194, 4.0]
[17.0, 0.9721682581321198, 4.0]
[16.0, 1.934935784062694, 4.0]
[16.0, 0.6903478839140333, 4.0]
[18.0, 0.7303661593128756, 4.0]
[18.0, 0.6822651648416035, 4.0]
[17.0, 3.0234824828446896, 1.0]
[18.0, 3.729652301008408, 0.0]
[17.0, 0.8419632253726905, 4.0]
[16.0, 2.584174278596964, 2.0]
[16.0, 3.3721260428259656, 1.0]
[15.0, 3.060805402033993, 1.0]
[16.0, 1.1680520002406818, 4.0]
[18.0, 1.3492561219436314, 4.0]
[16.0, 1.1179648263826585, 4.0]
[17.0, 2.578667734306398, 2.0]
[16.0, 1.6255519548363606, 4.0]
[15.0, 0.9340163958011902, 4.0]
[16.0, 2.702638340113748, 2.0]
[17.0, 2.964009263152522, 2.0]
[17.0, 2.267458131705519, 3.0]
[18.0, 1.7536230683511045, 4.0]
[16.0, 2.0232340815930123, 3.0]
[17.0, 1.6780125322160857, 4.0]
[15.0, 3.659836405312248, 0.0]
[18.0, 1.3627443691586447, 4.0]
[15.0, 2.8138057680897126, 2.0]
[16.0, 1.3027119835441363, 4.0]
[16.0, 3.3839114785072537, 1.0]
[16.0, 1.3787513079619265, 4.0]
[18.0, 0.731486867136845, 4.0]
[17.0, 0.4005694786322673, 4.0]
[18.0, 1.7290731666537256, 4.0]
[15.0, 2.615653764886057, 2.0]
[18.0, 2.9869427371126283, 2.0]
[15.0, 2.1269889706667486, 3.0]
[18.0, 2.7081110403183013, 2.0]
[17.0, 0.8157773688726507, 4.0]
[15.0, 2.5244238950940066, 2.0]
[16.0, 0.9082386041357368, 4.0]
[16.0, 3.0556902074734404, 1.0]
[18.0, 0.8379468984553826, 4.0]
[16.0, 2.833576110778921, 2.0]
[15.0, 0.7852135676838187, 4.0]
[16.0, 1.8856147854844247, 4.0]
[17.0, 2.7012305082850903, 2.0]
[17.0, 1.5219159011875882, 4.0]
[18.0, 1.879725986688092, 4.0]
[15.0, 2.0373480173849385, 3.0]
[17.0, 2.520673675043246, 2.0]
[17.0, 0.1361659080098038, 4.0]
[15.0, 1.9746552454467765, 4.0]
[16.0, 2.194980371913127, 3.0]
[16.0, 1.7179959243485303, 4.0]
[18.0, 2.510328721169093, 2.0]
[16.0, 2.434950556939888, 3.0]
[15.0, 1.3550534623962087, 4.0]
[17.0, 1.5452551045196994, 4.0]
[16.0, 1.6190305128354965, 4.0]
[18.0, 2.020741651591236, 3.0]
[16.0, 0.983576997394541, 4.0]
[15.0, 2.0624682672770884, 3.0]
[18.0, 2.644194209070477, 2.0]
[16.0, 1.3478638291935137, 4.0]
[18.0, 3.055253981943473, 1.0]
[15.0, 2.513692714891721, 2.0]
[17.0, 2.3403719144352, 3.0]
[15.0, 1.5820932661745084, 4.0]
[15.0, 3.5655241629362697, 0.0]
[15.0, 1.6014725497408242, 4.0]
[15.0, 2.637266428600202, 2.0]
[17.0, 0.9052099482554694, 4.0]
[17.0, 1.5767564705892163, 4.0]
[18.0, 1.785051807919565, 4.0]
[16.0, 1.8800650933404628, 4.0]
[17.0, 2.5552231050706653, 2.0]
[17.0, 1.574306088258861, 4.0]
[16.0, 1.8138466222839496, 4.0]
[17.0, 2.5844682625115074, 2.0]
[15.0, 0.5297986094952745, 4.0]
[15.0, 0.7146512864203396, 4.0]
[16.0, 2.737474165505196, 2.0]
[18.0, 1.2705295622953123, 4.0]
[18.0, 0.7508880429586313, 4.0]
[16.0, 3.75263935309428, 0.0]
[16.0, 1.1622578007219209, 4.0]
[15.0, 1.8714659014427093, 4.0]
[18.0, 1.074937388775604, 4.0]
[17.0, 1.3127724135140753, 4.0]
[15.0, 1.7028816752194542, 4.0]
[16.0, 0.5403751565523403, 4.0]
[18.0, 0.3418223884177119, 4.0]
[17.0, 0.2697208620534843, 4.0]
[17.0, 2.504167767054588, 2.0]
[15.0, 0.5303581886716461, 4.0]
[18.0, 0.820105530138668, 4.0]
[18.0, 3.408489770633043, 1.0]
[16.0, 1.3503298063610123, 4.0]
[18.0, 2.029736582447598, 3.0]
[18.0, 1.7745311027993365, 4.0]
[15.0, 1.9919099489857044, 4.0]
[18.0, 0.7540357233429884, 4.0]
[17.0, 1.4913821292254057, 4.0]
[15.0, 2.1573918332612245, 3.0]
[15.0, 3.107348400568035, 1.0]
[16.0, 1.9995718607021808, 4.0]
[18.0, 1.363340948163794, 4.0]
[16.0, 1.3068680389383789, 4.0]
[17.0, 0.5885556231650223, 4.0]
[15.0, 0.6819561389075344, 4.0]
[15.0, 2.81858182437894, 2.0]
[15.0, 0.7446928333756786, 4.0]
[17.0, 0.7251929462817994, 4.0]
[17.0, 2.9268204402631444, 2.0]
[16.0, 0.5522575734248654, 4.0]
[16.0, 1.298729106820987, 4.0]
[16.0, 1.1867378284984922, 4.0]
[18.0, 3.3327885878934707, 1.0]
[15.0, 1.4890670205298442, 4.0]
[15.0, 3.30737811355316, 1.0]
[16.0, 1.6109406825598966, 4.0]
[15.0, 2.057378500596372, 3.0]
[16.0, 1.673711404485327, 4.0]
[18.0, 0.4906300621749082, 4.0]
[18.0, 2.2316569717750228, 3.0]
[17.0, 2.259451153743707, 3.0]
[18.0, 3.454462459935305, 1.0]
[16.0, 2.158610170146598, 3.0]
[18.0, 2.747908442514612, 2.0]
[17.0, 3.323902960329112, 1.0]
[15.0, 0.9097635331410971, 4.0]
[16.0, 1.1678958000789352, 4.0]
[15.0, 1.2204179764419896, 4.0]
[17.0, 2.3345256438757365, 3.0]
[17.0, 2.8447322620424904, 2.0]
[17.0, 0.9722477384320642, 4.0]
[15.0, 0.8563970426697209, 4.0]
[15.0, 0.9526750330525334, 4.0]
[15.0, 3.235302580709104, 1.0]
[15.0, 2.533432395797906, 2.0]
[17.0, 2.772388536783242, 2.0]
[17.0, 0.9467679046532856, 4.0]
[16.0, 1.3154643711031746, 4.0]
[16.0, 3.31820802902305, 1.0]
[15.0, 2.3311089198970865, 3.0]
[18.0, 2.905973097807374, 2.0]
[18.0, 3.344575197988929, 1.0]
[17.0, 2.1681789248414423, 3.0]
[17.0, 0.211194222791904, 4.0]
[17.0, 0.0, 4.0]
[16.0, 0.8939860125136853, 4.0]
[16.0, 1.8307932453900515, 4.0]
[17.0, 2.465117413971901, 3.0]
[17.0, 2.6505223435766907, 2.0]
[17.0, 3.161961511352394, 1.0]
[18.0, 2.905702974207415, 2.0]
[16.0, 3.7326847011603697, 0.0]
[18.0, 2.109686328016939, 3.0]
[18.0, 2.546634577748015, 2.0]
[17.0, 2.1156039687255843, 3.0]
[17.0, 0.4837893904323065, 4.0]
[15.0, 0.0, 4.0]
[15.0, 1.811155480929165, 4.0]
[18.0, 2.6741625507699083, 2.0]
[16.0, 3.102745561433283, 1.0]
[17.0, 2.432896398351312, 3.0]
[17.0, 0.591872335776283, 4.0]
[18.0, 1.4197989848171118, 4.0]
[15.0, 1.3649825214589588, 4.0]
[16.0, 3.524855822624972, 0.0]
[15.0, 3.0562181766199736, 1.0]
[15.0, 2.570682492309764, 2.0]
[15.0, 2.134832886078039, 3.0]
[15.0, 2.301932107844056, 3.0]
[17.0, 3.354368116289429, 1.0]
[17.0, 2.252575524405779, 3.0]
[15.0, 2.059778342061027, 3.0]
[16.0, 2.705024407226965, 2.0]
[18.0, 1.8208437343058648, 4.0]
[16.0, 3.26095049055304, 1.0]
[16.0, 0.741527556169066, 4.0]
[16.0, 2.943750197817776, 2.0]
[15.0, 0.4474828563605549, 4.0]
[17.0, 1.844059263528674, 4.0]
[16.0, 1.899197563198893, 4.0]
[15.0, 3.3788457271666, 1.0]
[16.0, 1.666640097790168, 4.0]
[16.0, 3.309453585183811, 1.0]
[15.0, 2.7618237513851387, 2.0]
[17.0, 2.042537978504808, 3.0]
[17.0, 1.4874769372990635, 4.0]
[18.0, 2.8739722821184617, 2.0]
[15.0, 2.0159494650624468, 3.0]
[18.0, 1.07029676373108, 4.0]
[18.0, 2.605399264020907, 2.0]
[18.0, 3.3633891187265865, 1.0]
[17.0, 2.12509059499954, 3.0]
[15.0, 1.0506689803906937, 4.0]
[18.0, 1.580050523836055, 4.0]
[15.0, 1.3970629516250068, 4.0]
[15.0, 1.1657871621526066, 4.0]
[17.0, 0.9620724862919864, 4.0]
[18.0, 2.310235179366311, 3.0]
[18.0, 0.9357793408847956, 4.0]
[15.0, 2.9380028297730134, 2.0]
[16.0, 2.7671513375162338, 2.0]
[17.0, 3.026983310961493, 1.0]
[17.0, 1.5364194793970165, 4.0]
[17.0, 2.495379496847872, 3.0]
[17.0, 1.6155716602528696, 4.0]
[18.0, 2.2103713279948844, 3.0]
[18.0, 1.7980154436118352, 4.0]
[16.0, 1.5662885180613493, 4.0]
[17.0, 2.921386757069629, 2.0]
[17.0, 2.519724822511747, 2.0]
[15.0, 1.4892073187626624, 4.0]
[18.0, 1.6636371244012207, 4.0]
[17.0, 0.7737842057946157, 4.0]
[16.0, 0.8916240459711724, 4.0]
[16.0, 2.215087048853621, 3.0]
[18.0, 0.6515150205017294, 4.0]
[16.0, 0.9740174167472984, 4.0]
[16.0, 0.3413935419913523, 4.0]
[18.0, 2.773483878750202, 2.0]
[17.0, 2.4978773036357613, 3.0]
[17.0, 2.0764437464311585, 3.0]
[16.0, 0.7734276360335333, 4.0]
[16.0, 0.9881530769380218, 4.0]
[17.0, 1.3775728397779787, 4.0]
[18.0, 0.4765977404918081, 4.0]
[16.0, 1.836242136797153, 4.0]
[15.0, 2.9240321151586275, 2.0]
[18.0, 2.2887682028383933, 3.0]
[16.0, 0.8221078891229036, 4.0]
[16.0, 1.46754910281344, 4.0]
[15.0, 0.654489820899693, 4.0]
[15.0, 1.8262650784023136, 4.0]
[17.0, 2.167614891739184, 3.0]
[18.0, 1.8125810860736853, 4.0]
[18.0, 3.010135527533248, 1.0]
[17.0, 2.1366532091173225, 3.0]
[18.0, 2.2968145205845465, 3.0]
[18.0, 1.4996666752012844, 4.0]
[18.0, 2.527606693940515, 2.0]
[18.0, 1.378777261955536, 4.0]
[18.0, 2.4619770683944515, 3.0]
[15.0, 2.142708088226998, 3.0]
[18.0, 3.4785197150728098, 1.0]
[15.0, 1.1359698905964322, 4.0]
[18.0, 3.315632432715557, 1.0]
[17.0, 0.9452990404344148, 4.0]
[16.0, 3.360097709606442, 1.0]
[15.0, 3.58344760514376, 0.0]
[18.0, 2.268905391743987, 3.0]
[17.0, 3.3946498667267635, 1.0]
[16.0, 0.4239919484053893, 4.0]
[15.0, 0.8359897662567951, 4.0]
[16.0, 1.2860837347449834, 4.0]
[17.0, 2.131780853915055, 3.0]
[15.0, 3.308664019789773, 1.0]
[16.0, 0.9587762981739752, 4.0]
[18.0, 2.539771016481107, 2.0]
[15.0, 3.012897486759207, 1.0]
[16.0, 3.167455277075199, 1.0]
[17.0, 1.9045159017519453, 4.0]
[17.0, 3.033291953501386, 1.0]
[15.0, 3.4577117259752934, 1.0]
[16.0, 2.4503354431504625, 3.0]
[15.0, 1.164702428020536, 4.0]
[15.0, 0.8270829163865822, 4.0]
[16.0, 2.3983144793001743, 3.0]
[16.0, 0.0, 4.0]
[18.0, 2.7577979305655766, 2.0]
[16.0, 0.3478369759058787, 4.0]
[17.0, 1.676727436835331, 4.0]
[15.0, 0.5742779997538898, 4.0]
[15.0, 3.103994380105366, 1.0]
[17.0, 2.8020738343659453, 2.0]
[16.0, 2.1275892967469687, 3.0]
[17.0, 2.688349836315715, 2.0]
[17.0, 2.7837652099236254, 2.0]
[18.0, 3.133768038538137, 1.0]
[17.0, 2.618699894953416, 2.0]
[15.0, 0.7716774917459892, 4.0]
[17.0, 2.274842047466996, 3.0]
[15.0, 1.53961940600191, 4.0]
[15.0, 1.128068364082897, 4.0]
[15.0, 1.5956273665141478, 4.0]
[16.0, 3.138498873000767, 1.0]
[18.0, 0.7988865726422566, 4.0]
[15.0, 2.9728834414945147, 2.0]
[15.0, 1.556218796080208, 4.0]
[16.0, 1.8526717410372364, 4.0]
[15.0, 0.9749683449255788, 4.0]
[17.0, 1.391431871322012, 4.0]
[17.0, 0.2364972221748906, 4.0]
[18.0, 2.629933233823926, 2.0]
[15.0, 0.5296032590122841, 4.0]
[16.0, 2.3191191467631675, 3.0]
[17.0, 2.759021764954944, 2.0]
[16.0, 2.09606565162715, 3.0]
[16.0, 0.745518983001618, 4.0]
[17.0, 1.7946671055341392, 4.0]
[16.0, 0.7012637128402552, 4.0]
[17.0, 2.45790140704778, 3.0]
[16.0, 0.4291372796949342, 4.0]
[17.0, 3.0168978681026624, 1.0]
[15.0, 3.618272712167226, 0.0]
[18.0, 0.4258137609932144, 4.0]
[17.0, 2.735960967147571, 2.0]
[17.0, 0.2234305089365645, 4.0]
[18.0, 1.0117467565808471, 4.0]
[17.0, 2.573440474302304, 2.0]
[17.0, 0.2001455273690356, 4.0]
[16.0, 0.8026478062416247, 4.0]
[18.0, 0.539645751276114, 4.0]
[15.0, 2.481595433779514, 3.0]
[17.0, 1.6338115616970532, 4.0]
[18.0, 2.401469995162927, 3.0]
[16.0, 1.2658914451513914, 4.0]
[15.0, 1.2662863438742906, 4.0]
[18.0, 1.6224646303185568, 4.0]
[15.0, 1.8582963066751943, 4.0]
[15.0, 0.6404398092314469, 4.0]
[15.0, 1.3978971899557189, 4.0]
[17.0, 1.4291805817178274, 4.0]
[17.0, 2.934692102422152, 2.0]
[16.0, 0.632826221112053, 4.0]
[16.0, 2.5653473181422046, 2.0]
[18.0, 0.3979893966925436, 4.0]
[16.0, 2.0645643026074056, 3.0]
[15.0, 3.121119482369849, 1.0]
[15.0, 1.920609662813219, 4.0]
[17.0, 2.3299096451911727, 3.0]
[15.0, 1.2720101075733885, 4.0]
[18.0, 1.06642462275961, 4.0]
[15.0, 2.905384065736881, 2.0]
[15.0, 2.567031802833057, 2.0]
[18.0, 1.6943843846574218, 4.0]
[16.0, 2.801388938876275, 2.0]
[16.0, 1.813628891214413, 4.0]
[18.0, 3.3432781941994127, 1.0]
[17.0, 2.184691612286099, 3.0]
[15.0, 3.4922119973943024, 1.0]
[18.0, 1.8136795536240533, 4.0]
[15.0, 2.7725493723030685, 2.0]
[17.0, 2.4400060965135784, 3.0]
[15.0, 2.8684641563014504, 2.0]
[18.0, 0.5166315139842032, 4.0]
[15.0, 2.8914784699994827, 2.0]
[16.0, 0.7109569819873364, 4.0]
[17.0, 0.4244328946229094, 4.0]
[17.0, 2.248337588471201, 3.0]
[17.0, 2.7154909355151484, 2.0]
[18.0, 4.0, 0.0]
[17.0, 2.676389709344022, 2.0]
[16.0, 1.8547004421395887, 4.0]
[18.0, 3.5485205508668662, 0.0]
[16.0, 1.9523336493468064, 4.0]
[15.0, 1.84964338845104, 4.0]
[15.0, 0.8752010880422385, 4.0]
[15.0, 1.7935557295101183, 4.0]
[15.0, 1.8556669117535305, 4.0]
[16.0, 0.5511396527389846, 4.0]
[18.0, 1.580398635704129, 4.0]
[18.0, 1.8741577780119305, 4.0]
[17.0, 0.5152393995715008, 4.0]
[16.0, 1.331229485851261, 4.0]
[15.0, 1.621772736089614, 4.0]
[16.0, 0.384375395876116, 4.0]
[17.0, 1.3635615499322744, 4.0]
[17.0, 1.479668777301296, 4.0]
[16.0, 1.5812038761627714, 4.0]
[16.0, 0.0, 4.0]
[16.0, 1.886578592822845, 4.0]
[18.0, 0.863545351686935, 4.0]
[15.0, 1.4887052948653967, 4.0]
[16.0, 1.4729004934270762, 4.0]
[16.0, 1.3440857175872982, 4.0]
[16.0, 1.364736910668082, 4.0]
[17.0, 3.8302053754229743, 0.0]
[17.0, 1.597365745031795, 4.0]
[18.0, 3.320316974439931, 1.0]
[15.0, 0.6487053948776081, 4.0]
[18.0, 1.0182646498699195, 4.0]
[15.0, 2.440769899927139, 3.0]
[17.0, 3.1525193708574304, 1.0]
[17.0, 0.2170420107058955, 4.0]
[17.0, 1.811622380951548, 4.0]
[18.0, 2.777966932491008, 2.0]
[16.0, 1.223828264622006, 4.0]
[16.0, 1.101939932271634, 4.0]
[17.0, 2.060172050067505, 3.0]
[16.0, 2.5244226584154354, 2.0]
[16.0, 1.9665140417865183, 4.0]
[18.0, 2.8415190017676264, 2.0]
[15.0, 2.200020267296471, 3.0]
[17.0, 0.9252693613945324, 4.0]
[17.0, 1.8425841347566336, 4.0]
[18.0, 2.6696408286087285, 2.0]
[18.0, 1.3276664298868446, 4.0]
[16.0, 0.7547506714781123, 4.0]
[17.0, 1.845656783786327, 4.0]
[15.0, 1.537989779203268, 4.0]
[18.0, 1.58092662695241, 4.0]
[15.0, 2.883799714630056, 2.0]
[15.0, 3.054990810980984, 1.0]
[17.0, 0.3280857038991219, 4.0]
[17.0, 0.6115693055183088, 4.0]
[18.0, 1.5674124377048069, 4.0]
[17.0, 1.2197472447014093, 4.0]
[17.0, 3.0213988805197203, 1.0]
[17.0, 2.262147696008476, 3.0]
[15.0, 1.4550854526151875, 4.0]
[18.0, 2.448840530622927, 3.0]
[16.0, 1.2800415789704742, 4.0]
[15.0, 1.0433801278881183, 4.0]
[17.0, 1.035181530409912, 4.0]
[15.0, 1.5730510214028783, 4.0]
[17.0, 2.898151345753362, 2.0]
[17.0, 1.8209201086118587, 4.0]
[15.0, 0.7287945170807484, 4.0]
[18.0, 0.9023572553597988, 4.0]
[17.0, 2.421061773387504, 3.0]
[18.0, 1.2212994205081906, 4.0]
[16.0, 1.996107386442232, 4.0]
[17.0, 0.622706295394981, 4.0]
[18.0, 2.902602512683793, 2.0]
[18.0, 1.3486070016063347, 4.0]
[16.0, 1.35114105198072, 4.0]
[18.0, 2.745554082849828, 2.0]
[18.0, 2.993214464144568, 2.0]
[16.0, 1.5892697074168551, 4.0]
[17.0, 1.653099762097065, 4.0]
[18.0, 2.136285525349759, 3.0]
[18.0, 0.7370487522929228, 4.0]
[18.0, 0.3527519592274268, 4.0]
[15.0, 0.6901567908276482, 4.0]
[16.0, 0.9430459197705604, 4.0]
[15.0, 1.881978741027912, 4.0]
[16.0, 2.474039536809681, 3.0]
[17.0, 2.5077426742068285, 2.0]
[17.0, 1.563591912280606, 4.0]
[18.0, 2.4556437547462835, 3.0]
[16.0, 2.7366048752761047, 2.0]
[17.0, 3.2620199899463747, 1.0]
[16.0, 2.28387095613807, 3.0]
[17.0, 1.1544100089135072, 4.0]
[15.0, 2.7890998282690926, 2.0]
[17.0, 1.5386892509239083, 4.0]
[15.0, 3.0560700900603366, 1.0]
[17.0, 0.7408967018564105, 4.0]
[18.0, 2.499681179530751, 3.0]
[15.0, 0.8952499802854423, 4.0]
[17.0, 0.7742848136453381, 4.0]
[18.0, 3.01480253360998, 1.0]
[15.0, 1.821442173929074, 4.0]
[18.0, 2.543009095435074, 2.0]
[16.0, 0.645454380244234, 4.0]
[16.0, 2.631367841368872, 2.0]
[15.0, 2.7124204664131986, 2.0]
[17.0, 2.672755461068081, 2.0]
[15.0, 1.7148117851610198, 4.0]
[18.0, 0.2109791787447653, 4.0]
[17.0, 1.859071573097468, 4.0]
[16.0, 2.672866707350141, 2.0]
[17.0, 2.7192011567406125, 2.0]
[16.0, 0.7369928855488138, 4.0]
[17.0, 2.295213477500577, 3.0]
[17.0, 0.84069094147179, 4.0]
[17.0, 2.131628504443662, 3.0]
[18.0, 0.9922965742511932, 4.0]
[18.0, 1.451872243083537, 4.0]
[15.0, 2.860396826235563, 2.0]
[15.0, 1.1825650544782942, 4.0]
[16.0, 0.1306542378736745, 4.0]
[18.0, 3.3627162150851144, 1.0]
[16.0, 2.251847104187132, 3.0]
[15.0, 1.6884763841942343, 4.0]
[16.0, 1.8154017176022967, 4.0]
[15.0, 1.4948695594196215, 4.0]
[18.0, 0.0, 4.0]
[17.0, 1.5717864335294334, 4.0]
[18.0, 2.2346855491679, 3.0]
[16.0, 0.5086565007104289, 4.0]
[16.0, 0.7016799102374711, 4.0]
[18.0, 1.817789572439356, 4.0]
[18.0, 2.3375584621180696, 3.0]
[15.0, 1.763324115898465, 4.0]
[16.0, 1.580149839040757, 4.0]
[16.0, 1.513660412883276, 4.0]
[18.0, 0.5468398683049477, 4.0]
[17.0, 3.112170722339197, 1.0]
[16.0, 0.3075940597283189, 4.0]
[17.0, 2.228511429722963, 3.0]
[18.0, 2.5064154144606747, 2.0]
[18.0, 1.9775380444250967, 4.0]
[15.0, 2.340811012860678, 3.0]
[16.0, 1.261128239702075, 4.0]
[17.0, 1.783001895562732, 4.0]
[15.0, 1.501240091930044, 4.0]
[16.0, 2.2392539847060284, 3.0]
[15.0, 3.823801327886915, 0.0]
[18.0, 0.895261805081618, 4.0]
[16.0, 3.5326403833692965, 0.0]
[15.0, 1.022641733675116, 4.0]
[15.0, 1.960538709128941, 4.0]
[17.0, 2.7454918014149503, 2.0]
[15.0, 1.554112898573, 4.0]
[16.0, 0.7068253462731773, 4.0]
[16.0, 2.823600084682192, 2.0]
[17.0, 1.2934088269809283, 4.0]
[16.0, 2.126276926186896, 3.0]
[18.0, 1.112671201191301, 4.0]
[16.0, 1.2615877089185958, 4.0]
[16.0, 1.0784851348128086, 4.0]
[15.0, 0.6754583905284621, 4.0]
[15.0, 0.6854728696794552, 4.0]
[16.0, 1.020926365102642, 4.0]
[17.0, 3.427620857629511, 1.0]
[15.0, 3.2485727923536656, 1.0]
[17.0, 2.278951504956563, 3.0]
[16.0, 0.8330790224853892, 4.0]
[16.0, 0.8570927943521445, 4.0]
[18.0, 1.744497662766337, 4.0]
[15.0, 2.806877505411242, 2.0]
[16.0, 3.490543307137981, 1.0]
[18.0, 0.6939648518623458, 4.0]
[15.0, 2.16155873707839, 3.0]
[16.0, 1.8933444720314547, 4.0]
[16.0, 2.882958070804152, 2.0]
[15.0, 3.270373860776488, 1.0]
[15.0, 1.027015599936749, 4.0]
[15.0, 2.48966890236666, 3.0]
[16.0, 1.7087987708583718, 4.0]
[16.0, 2.324093256836654, 3.0]
[18.0, 2.1974911457392072, 3.0]
[17.0, 2.500113299959695, 2.0]
[15.0, 1.0500058515104695, 4.0]
[16.0, 2.438440919001191, 3.0]
[16.0, 1.9146018444641888, 4.0]
[15.0, 1.6278371303258028, 4.0]
[17.0, 1.069524152365119, 4.0]
[15.0, 2.369652312774279, 3.0]
[17.0, 2.9747406949660418, 2.0]
[16.0, 0.3578088919508027, 4.0]
[17.0, 1.9225514899197127, 4.0]
[18.0, 0.33096690773874, 4.0]
[16.0, 3.219685483262613, 1.0]
[18.0, 3.9514599508156745, 0.0]
[15.0, 2.7952105534902603, 2.0]
[15.0, 3.5617432680571097, 0.0]
[15.0, 1.36108822691039, 4.0]
[17.0, 0.7389589820946485, 4.0]
[16.0, 2.3207725437642064, 3.0]
[15.0, 2.837891417954615, 2.0]
[15.0, 0.8273394905182188, 4.0]
[16.0, 0.8758837048232606, 4.0]
[15.0, 1.4679683162543722, 4.0]
[18.0, 2.122102757166825, 3.0]
[16.0, 2.4818134094533937, 3.0]
[16.0, 2.876083672610056, 2.0]
[16.0, 1.6626921985519796, 4.0]
[18.0, 2.9640587263043403, 2.0]
[16.0, 2.03217846252961, 3.0]
[18.0, 3.207819245384204, 1.0]
[16.0, 2.553484846074773, 2.0]
[17.0, 3.128858646003016, 1.0]
[15.0, 4.0, 0.0]
[17.0, 1.357062701404827, 4.0]
[15.0, 0.6848879979871082, 4.0]
[18.0, 2.2346962873244927, 3.0]
[17.0, 1.953200561311372, 4.0]
[16.0, 2.4709240029839887, 3.0]
[15.0, 2.512488758731327, 2.0]
[15.0, 2.0972515782565893, 3.0]
[17.0, 1.3451314633822888, 4.0]
[18.0, 2.241727972459657, 3.0]
[17.0, 2.637348954652655, 2.0]
[18.0, 0.2861100389415956, 4.0]
[18.0, 2.0845477071034386, 3.0]
[15.0, 2.7778858935835875, 2.0]
[17.0, 0.4841831958032389, 4.0]
[17.0, 2.875735286006944, 2.0]
[18.0, 3.4713372144944583, 1.0]
[17.0, 1.3180744589421032, 4.0]
[16.0, 2.715908932047662, 2.0]
[16.0, 3.4745618447603603, 1.0]
[17.0, 0.9349429908719434, 4.0]
[17.0, 0.5185224297099189, 4.0]
[18.0, 2.726094628858152, 2.0]
[16.0, 3.099064650031246, 1.0]
[16.0, 2.0735452919667288, 3.0]
[15.0, 1.983133992222757, 4.0]
[18.0, 0.7662736791529805, 4.0]
[15.0, 0.6361329335031771, 4.0]
[16.0, 1.1480334125866043, 4.0]
[18.0, 1.7504046795082222, 4.0]
[17.0, 2.8211081074612654, 2.0]
[18.0, 3.240512073968693, 1.0]
[17.0, 0.7058616313604631, 4.0]
[17.0, 2.9127221778502177, 2.0]
[18.0, 2.894723042268489, 2.0]
[17.0, 1.777279849146076, 4.0]
[15.0, 2.4571875145361584, 3.0]
[16.0, 1.9390765371477845, 4.0]
[17.0, 2.291686152272234, 3.0]
[15.0, 0.5847407288696445, 4.0]
[17.0, 2.905466160345195, 2.0]
[16.0, 1.7389421343230629, 4.0]
[15.0, 1.6698070522329402, 4.0]
[16.0, 1.6482889223547217, 4.0]
[16.0, 2.7103913101189026, 2.0]
[15.0, 1.956169125963332, 4.0]
[15.0, 0.6729361977994386, 4.0]
[15.0, 2.607172929225517, 2.0]
[18.0, 1.5660204997024247, 4.0]
[15.0, 2.197394591639808, 3.0]
[15.0, 2.332971816562523, 3.0]
[15.0, 1.773293697386631, 4.0]
[15.0, 1.1496496267546503, 4.0]
[17.0, 0.8409854510198023, 4.0]
[18.0, 1.5635740338353443, 4.0]
[16.0, 0.8707134779286393, 4.0]
[15.0, 0.61316598823277, 4.0]
[17.0, 2.57239170870492, 2.0]
[17.0, 2.30759662333527, 3.0]
[17.0, 2.3180465210933434, 3.0]
[16.0, 2.31055728577378, 3.0]
[15.0, 1.5858200366928563, 4.0]
[18.0, 1.6306137401298542, 4.0]
[18.0, 1.558632200330993, 4.0]
[17.0, 0.6835053013860497, 4.0]
[16.0, 0.9709123787681464, 4.0]
[16.0, 3.3446266750887066, 1.0]
[16.0, 1.8859166518517383, 4.0]
[18.0, 1.4699645571762952, 4.0]
[17.0, 1.436375445405192, 4.0]
[15.0, 3.399542858486649, 1.0]
[18.0, 3.5635357914562173, 0.0]
[17.0, 2.0744387503601613, 3.0]
[17.0, 2.5040052870066454, 2.0]
[15.0, 0.9669488067667787, 4.0]
[15.0, 2.6910442047353333, 2.0]
[15.0, 0.8647850838512876, 4.0]
[16.0, 1.993952452575168, 4.0]
[15.0, 1.2001797196357924, 4.0]
[17.0, 2.195712898261988, 3.0]
[15.0, 1.9012665239921247, 4.0]
[17.0, 0.8399765237396326, 4.0]
[18.0, 1.3620437691526197, 4.0]
[16.0, 0.8507438645015205, 4.0]
[18.0, 1.0033653059742336, 4.0]
[18.0, 1.3905396980299167, 4.0]
[17.0, 2.4399813258092324, 3.0]
[18.0, 1.2433117162791911, 4.0]
[17.0, 1.9648466563741724, 4.0]
[15.0, 2.6882293307172063, 2.0]
[15.0, 2.739701667259576, 2.0]
[17.0, 2.496121936033516, 3.0]
[15.0, 2.968807133269986, 2.0]
[16.0, 2.215944169222752, 3.0]
[18.0, 3.5037432645192648, 0.0]
[16.0, 3.3847294719580105, 1.0]
[18.0, 1.417604009607429, 4.0]
[15.0, 1.139337063496313, 4.0]
[16.0, 0.7695898642280781, 4.0]
[15.0, 2.34844345354412, 3.0]
[18.0, 0.3218314296846537, 4.0]
[17.0, 1.1241371864897378, 4.0]
[17.0, 2.7170969538329475, 2.0]
[16.0, 2.6565407804958623, 2.0]
[15.0, 1.5277480662258427, 4.0]
[15.0, 2.735672949043832, 2.0]
[16.0, 3.748102280530043, 0.0]
[17.0, 1.7062124885863237, 4.0]
[18.0, 0.9590415228646012, 4.0]
[16.0, 4.0, 0.0]
[18.0, 1.8589248556209288, 4.0]
[17.0, 1.0007755569217258, 4.0]
[15.0, 2.413651872584266, 3.0]
[17.0, 1.1721916329362534, 4.0]
[16.0, 0.2759351000710758, 4.0]
[15.0, 1.907640379807341, 4.0]
[16.0, 2.018579782190191, 3.0]
[16.0, 0.9157121795938512, 4.0]
[17.0, 3.12911663958354, 1.0]
[16.0, 1.945989188418632, 4.0]
[17.0, 1.510058697488437, 4.0]
[15.0, 0.1530318116508149, 4.0]
[17.0, 1.7119846768416216, 4.0]
[15.0, 1.419977098603833, 4.0]
[17.0, 2.438731252650425, 3.0]
[18.0, 0.3167559737315224, 4.0]
[18.0, 3.5433159148930136, 0.0]
[16.0, 3.1252696624964185, 1.0]
[17.0, 0.6550115881417289, 4.0]
[17.0, 3.5116138627312408, 0.0]
[15.0, 2.8625628192347974, 2.0]
[16.0, 1.1162284613450342, 4.0]
[17.0, 3.2011819553323124, 1.0]
[16.0, 0.1005921480894177, 4.0]
[18.0, 3.017133682391308, 1.0]
[17.0, 2.220548508939325, 3.0]
[17.0, 1.1110684623439582, 4.0]
[16.0, 0.9918923912020086, 4.0]
[17.0, 1.175347658120809, 4.0]
[16.0, 2.2925396421337085, 3.0]
[17.0, 2.2942213571902887, 3.0]
[15.0, 0.3699206268971446, 4.0]
[16.0, 0.6657412071192984, 4.0]
[17.0, 0.7289188138326557, 4.0]
[18.0, 1.010198033751084, 4.0]
[17.0, 1.8298105464885008, 4.0]
[18.0, 0.940947219838506, 4.0]
[18.0, 1.1528666911541523, 4.0]
[15.0, 3.030196982539537, 1.0]
[16.0, 1.7570919535414902, 4.0]
[17.0, 1.966123442653016, 4.0]
[15.0, 1.301643735879369, 4.0]
[17.0, 3.772896608478868, 0.0]
[18.0, 1.922165909079572, 4.0]
[16.0, 1.789036775909554, 4.0]
[17.0, 0.6329881184701, 4.0]
[17.0, 2.8504352924310816, 2.0]
[18.0, 2.684821286526617, 2.0]
[17.0, 1.899340250146643, 4.0]
[17.0, 2.454306701864281, 3.0]
[18.0, 1.2083322825671698, 4.0]
[15.0, 1.5269160461968396, 4.0]
[18.0, 2.6867167544354524, 2.0]
[15.0, 1.1307853592581485, 4.0]
[16.0, 0.7411030550092116, 4.0]
[15.0, 2.8934002946535644, 2.0]
[15.0, 1.3763806884640657, 4.0]
[16.0, 1.935602560783459, 4.0]
[15.0, 1.0583113523259429, 4.0]
[18.0, 1.230428755834961, 4.0]
[15.0, 0.1470688699977313, 4.0]
[16.0, 1.1696905137872946, 4.0]
[18.0, 1.016215042238629, 4.0]
[16.0, 2.5210277348652257, 2.0]
[16.0, 2.027841922241568, 3.0]
[17.0, 2.670947554324345, 2.0]
[17.0, 2.87287936550396, 2.0]
[16.0, 1.0296486453677298, 4.0]
[16.0, 1.757497312769606, 4.0]
[16.0, 1.895283343248585, 4.0]
[17.0, 2.035367286041147, 3.0]
[17.0, 2.053147894166025, 3.0]
[15.0, 2.329719254270638, 3.0]
[15.0, 1.7562115530004156, 4.0]
[16.0, 2.827342954327372, 2.0]
[18.0, 0.6937125121602848, 4.0]
[18.0, 2.953961921722677, 2.0]
[17.0, 0.9894684413187074, 4.0]
[17.0, 2.1370681063433614, 3.0]
[17.0, 3.03210533252155, 1.0]
[16.0, 2.804363175110951, 2.0]
[18.0, 0.6128025023431376, 4.0]
[15.0, 2.202232939648992, 3.0]
[16.0, 1.4102620381944773, 4.0]
[15.0, 1.4414095429135232, 4.0]
[15.0, 1.2335870210314048, 4.0]
[16.0, 2.7905751470187807, 2.0]
[15.0, 0.3785436345391653, 4.0]
[18.0, 2.1728123218250155, 3.0]
[15.0, 2.3916876827143443, 3.0]
[18.0, 1.7831074672235316, 4.0]
[18.0, 1.7859269858399722, 4.0]
[18.0, 1.2687721230682183, 4.0]
[17.0, 1.4868656515688805, 4.0]
[15.0, 1.0619359966520148, 4.0]
[16.0, 0.0, 4.0]
[16.0, 2.1516179803357813, 3.0]
[15.0, 3.5974890937641693, 0.0]
[17.0, 3.812757187598897, 0.0]
[17.0, 1.1767815056705988, 4.0]
[18.0, 1.948327515860377, 4.0]
[15.0, 1.8080971980423568, 4.0]
[15.0, 3.222140089605496, 1.0]
[16.0, 0.8092601434109807, 4.0]
[15.0, 1.2945928801079334, 4.0]
[17.0, 1.0777476837996005, 4.0]
[15.0, 2.920181898407056, 2.0]
[16.0, 0.7961429158962126, 4.0]
[18.0, 1.446052351501112, 4.0]
[16.0, 0.9401842567137784, 4.0]
[16.0, 1.7820606670994417, 4.0]
[18.0, 1.1058998695955586, 4.0]
[16.0, 2.81347034515229, 2.0]
[16.0, 1.65178667236737, 4.0]
[15.0, 3.603507572240497, 0.0]
[15.0, 1.5269602894052965, 4.0]
[18.0, 3.4590447338738057, 1.0]
[15.0, 3.3339700023673537, 1.0]
[15.0, 1.7181817231817458, 4.0]
[16.0, 3.1832324893858304, 1.0]
[17.0, 0.9966476630212407, 4.0]
[15.0, 2.525086321570887, 2.0]
[17.0, 0.512852046329121, 4.0]
[15.0, 2.864498066852598, 2.0]
[15.0, 1.733364046560005, 4.0]
[18.0, 2.9868916209305363, 2.0]
[18.0, 2.565368052695248, 2.0]
[18.0, 3.1391893048250425, 1.0]
[17.0, 3.636416567860032, 0.0]
[16.0, 1.467442366638756, 4.0]
[15.0, 1.7995311493172337, 4.0]
[15.0, 3.1831261171881216, 1.0]
[15.0, 1.441964197006561, 4.0]
[17.0, 1.881588986626361, 4.0]
[18.0, 3.1326292974173744, 1.0]
[16.0, 0.8142853492286524, 4.0]
[17.0, 2.4777903742896354, 3.0]
[18.0, 2.9713320163258232, 2.0]
[17.0, 2.071972431377945, 3.0]
[16.0, 1.6356867327778124, 4.0]
[18.0, 0.9062765162662464, 4.0]
[17.0, 0.8090678531539729, 4.0]
[16.0, 1.6838320257206556, 4.0]
[15.0, 3.138784394067383, 1.0]
[16.0, 1.798950340087624, 4.0]
[15.0, 1.687307435197655, 4.0]
[17.0, 0.9030855768578068, 4.0]
[18.0, 3.137624350847544, 3.0]
[18.0, 3.189217169770364, 2.0]
[17.0, 1.795369078193629, 3.0]
[18.0, 2.435958199527401, 4.0]
[18.0, 1.6884896091579062, 4.0]
[15.0, 1.8440563794665368, 1.0]
[17.0, 1.3055845144947993, 2.0]
[16.0, 3.545153035874012, 2.0]
[15.0, 2.17234554236808, 4.0]
[17.0, 0.3751478505639292, 4.0]
[15.0, 1.5578704926030598, 3.0]
[16.0, 2.185710840310208, 3.0]
[16.0, 2.4598046717382283, 1.0]
[17.0, 0.4275685065973586, 4.0]
[16.0, 0.8719991150294315, 3.0]
[15.0, 3.2229374986891246, 1.0]
[16.0, 0.8181261027428247, 2.0]
[15.0, 0.6189366143827062, 4.0]
[15.0, 1.1746095143108737, 0.0]
[16.0, 2.8005690841335875, 4.0]
[17.0, 2.995458295719109, 3.0]
[18.0, 3.353659743298607, 4.0]
[16.0, 2.7326611971495227, 0.0]
[15.0, 2.555667542727533, 4.0]
[15.0, 2.378050042081803, 3.0]
[16.0, 2.0607924590958486, 2.0]
[17.0, 3.1152505558547765, 3.0]
[17.0, 3.453790618896306, 1.0]
[15.0, 0.0, 3.0]
[15.0, 1.0281836891510068, 1.0]
[17.0, 1.989455195588546, 4.0]
[18.0, 1.6720340583678444, 1.0]
[16.0, 0.8762666604767739, 4.0]
[15.0, 0.8597452884552536, 1.0]
[15.0, 1.970600159244711, 3.0]
[17.0, 2.268850734169383, 0.0]
[16.0, 1.11944101772116, 4.0]
[17.0, 2.370893096932428, 1.0]
[16.0, 1.499701931968684, 0.0]
[16.0, 1.8790984603853385, 1.0]
[16.0, 1.699348106354839, 1.0]
[15.0, 3.3675911599478865, 1.0]
[18.0, 1.2878189977208636, 3.0]
[17.0, 0.0, 1.0]
[18.0, 0.5764027197831978, 0.0]
[17.0, 1.99229884714332, 1.0]
[16.0, 3.043931624402609, 2.0]
[15.0, 1.756186167808898, 4.0]
[18.0, 3.2537859623175915, 3.0]
[15.0, 1.0933875706255465, 2.0]
[17.0, 0.763471998256058, 2.0]
[15.0, 2.2973555861936927, 0.0]
[15.0, 1.6511561293797232, 0.0]
[18.0, 2.827614868021281, 3.0]
[16.0, 2.0557722559036584, 3.0]
[15.0, 0.7697406121390962, 4.0]
[16.0, 2.635693450834733, 1.0]
[17.0, 1.9337798086138684, 3.0]
[15.0, 2.7157532703177374, 3.0]
[18.0, 1.325172784257977, 1.0]
[17.0, 1.2450911401798577, 4.0]
[17.0, 1.3339741028791137, 0.0]
[18.0, 2.622327676479096, 4.0]
[15.0, 2.407284043136154, 1.0]
[15.0, 2.266160309674473, 0.0]
[17.0, 1.7609996788469535, 0.0]
[15.0, 0.8130174224118295, 0.0]
[16.0, 2.19241453410119, 4.0]
[18.0, 3.211743755038164, 1.0]
[16.0, 1.2782356660108654, 4.0]
[15.0, 0.9238316977083888, 4.0]
[17.0, 1.3250390169983148, 2.0]
[18.0, 1.6094102771441563, 3.0]
[15.0, 1.2628487317952892, 4.0]
[15.0, 2.2435930907680928, 2.0]
[17.0, 1.5576879646413533, 1.0]
[17.0, 1.1625740735001573, 2.0]
[16.0, 1.6806611823420308, 4.0]
[18.0, 1.599424076132399, 1.0]
[18.0, 1.2738181762310288, 2.0]
[17.0, 2.210289203345338, 4.0]
[16.0, 1.0085719028530793, 1.0]
[18.0, 0.968725634893168, 1.0]
[17.0, 2.681277359272072, 3.0]
[15.0, 2.4013738525578114, 4.0]
[18.0, 2.376854346050859, 3.0]
[16.0, 1.94767693624079, 1.0]
[16.0, 1.7797561259491266, 1.0]
[16.0, 0.5575488870769554, 2.0]
[15.0, 2.79540580881386, 3.0]
[18.0, 1.5147637597128956, 0.0]
[18.0, 3.040729612939948, 4.0]
[15.0, 3.208461746184048, 3.0]
[18.0, 0.621119927824666, 1.0]
[15.0, 2.7996697335356093, 2.0]
[15.0, 1.3023928842500831, 4.0]
[15.0, 3.482452519043289, 4.0]
[16.0, 1.2523485891697117, 2.0]
[18.0, 1.16974580305184, 1.0]
[15.0, 2.2847914471212656, 0.0]
[18.0, 1.021019253339771, 2.0]
[16.0, 2.8973550040674096, 0.0]
[15.0, 3.2759034528026745, 3.0]
[17.0, 2.430091199210449, 4.0]
[16.0, 3.228448079477929, 1.0]
[17.0, 0.2145700909687167, 0.0]
[18.0, 2.024030375549312, 1.0]
[18.0, 3.03416743887847, 3.0]
[16.0, 1.6998253090682822, 0.0]
[18.0, 2.09564819078084, 1.0]
[17.0, 0.5242135665585334, 1.0]
[15.0, 1.3026414038177534, 3.0]
[15.0, 2.1371244106086893, 2.0]
[15.0, 2.4222760935888, 3.0]
[16.0, 2.569614181305555, 0.0]
[18.0, 2.70295861751592, 0.0]
[17.0, 2.3116704996467785, 4.0]
[18.0, 3.384992088760673, 1.0]
[18.0, 0.3907558869817938, 0.0]
[18.0, 3.597766084455523, 2.0]
[15.0, 2.275665113075239, 2.0]
[17.0, 2.710576700770992, 3.0]
[17.0, 2.5559753763709523, 0.0]
[18.0, 1.027727966185627, 0.0]
[15.0, 2.0956913654305778, 4.0]
[15.0, 2.380839869039285, 4.0]
[17.0, 0.66207873669096, 4.0]
[15.0, 1.9965131156897773, 0.0]
[15.0, 2.1398641508658107, 3.0]
[15.0, 1.361434707190739, 3.0]
[16.0, 0.4958590410264636, 3.0]
[18.0, 1.28766735664722, 3.0]
[17.0, 2.6650755516566824, 2.0]
[17.0, 0.954787542101481, 0.0]
[16.0, 0.0, 1.0]
[18.0, 2.3169599744650875, 0.0]
[17.0, 0.6743629436081446, 3.0]
[15.0, 2.53663378226987, 2.0]
[17.0, 2.3433313526833226, 2.0]
[15.0, 2.2404508383745223, 0.0]
[16.0, 3.0526409582889382, 1.0]
[15.0, 0.9538406849215224, 3.0]
[17.0, 2.596111264562239, 2.0]
[17.0, 4.0, 3.0]
[17.0, 1.0823899503415932, 3.0]
[16.0, 0.5282255514744685, 3.0]
[16.0, 1.4627462917493628, 4.0]
[18.0, 2.006721725237717, 3.0]
[17.0, 0.4733008709069619, 3.0]
[15.0, 2.3780489451557907, 1.0]
[16.0, 3.546432808712968, 1.0]
[17.0, 2.288466675256948, 4.0]
[17.0, 1.3399355086329854, 4.0]
[16.0, 0.8131476267952477, 3.0]
[18.0, 1.5561060712293842, 2.0]
[16.0, 3.262922354666704, 2.0]
[16.0, 2.179357068500431, 0.0]
[15.0, 2.220050546998637, 2.0]
[15.0, 2.226513595090375, 2.0]
[18.0, 1.5656478476708735, 1.0]
[17.0, 2.0787778990811447, 0.0]
[16.0, 1.5624112622115092, 0.0]
[18.0, 3.5729453198762804, 1.0]
[15.0, 2.073033167181521, 2.0]
[16.0, 1.2889376961826329, 2.0]
[17.0, 2.5474496063949026, 0.0]
[15.0, 2.037768574636005, 2.0]
[15.0, 2.915898132959834, 0.0]
[15.0, 2.799063885002723, 2.0]
[18.0, 3.2501100112534, 3.0]
[17.0, 1.8233231026458456, 1.0]
[16.0, 2.992912336093737, 4.0]
[18.0, 2.6317363035461985, 3.0]
[18.0, 0.9326697393710618, 2.0]
[18.0, 0.8722095356275656, 4.0]
[15.0, 2.4515024403351484, 3.0]
[17.0, 3.4959497421090022, 1.0]
[18.0, 1.0888824821778935, 4.0]
[16.0, 3.9794209177543953, 4.0]
[17.0, 1.521013489971915, 1.0]
[16.0, 0.7662574469888989, 3.0]
[17.0, 2.471395779180272, 4.0]
[16.0, 3.286585133610396, 1.0]
[15.0, 2.121473442487156, 3.0]
[18.0, 1.3476334931151803, 2.0]
[16.0, 2.4629431182407853, 0.0]
[17.0, 1.0410289006678957, 2.0]
[18.0, 2.669979035304761, 2.0]
[18.0, 2.735041610764964, 0.0]
[17.0, 2.742091793566248, 2.0]
[16.0, 0.9842942952193188, 2.0]
[15.0, 1.4547228982036302, 1.0]
[15.0, 3.1585923238952263, 1.0]
[16.0, 1.0674108498772592, 3.0]
[18.0, 0.5694198849254213, 4.0]
[18.0, 1.934761727404891, 3.0]
[18.0, 1.8491038760645369, 1.0]
[18.0, 0.825019641346986, 1.0]
[16.0, 2.913898458953871, 0.0]
[18.0, 1.1645391660958937, 0.0]
[17.0, 2.928219390714798, 1.0]
[18.0, 2.6523548127186087, 2.0]
[15.0, 0.7093533742145925, 3.0]
[18.0, 2.5094912303073182, 1.0]
[16.0, 1.979379413769687, 1.0]
[15.0, 2.956254523615616, 0.0]
[16.0, 1.1919290455522094, 3.0]
[16.0, 1.810037822647263, 3.0]
[15.0, 2.539112848520151, 4.0]
[16.0, 1.3956306751141432, 1.0]
[16.0, 2.000084011141924, 4.0]
[18.0, 3.4555094110343934, 0.0]
[17.0, 3.279149727025028, 4.0]
[16.0, 1.142332879526157, 2.0]
[16.0, 1.8032967626292096, 1.0]
[16.0, 2.1400138778043982, 1.0]
