Unique values for 'GPA':
2.929195591667681
3.042914833436377
0.1126022544661815
2.0542181397029484
1.2880611817953875
3.0841836144863937
2.748237414891583
1.360142712316461
2.896819189513569
3.5734742103297656
2.1471716250185144
1.5595945190402771
1.520077814874808
1.7515809583340785
2.396788117124796
1.3415207165346672
2.232175277715976
1.3844041756940335
0.4695533233798704
2.3957840945307
2.778411299920653
0.3468940367050148
0.3125462305253549
1.7701318767799732
1.5051556220362858
2.977851918315743
2.948717671911921
2.145204720467192
2.854803928981318
1.519441725815139
1.727120309522409
1.8475354711387904
0.3846169728564877
0.94940609779728
1.1409594184203395
0.2614722600507521
0.2182848568210317
1.0677635510419796
3.0189058584279675
1.5268678317927231
1.0582873996898603
2.625128097732231
2.8087548220286536
2.888891669272444
4.0
2.515300272256249
2.5637654300150947
1.7036118032323682
2.0998851567205854
2.4610469629080955
2.935477191694632
1.9863780592187463
1.5715441913992825
1.6643106896610833
0.7562591665741925
0.8027695392342074
1.3423871779577343
0.2865712882866222
2.61383869367367
0.9290125546259368
1.892758695926592
2.331261549308754
2.234238472600233
2.3858282190764624
3.347356743507809
3.2618553073332905
1.0396238791477144
0.0278186247324679
1.3299645378768772
3.283916521897384
2.937454182316864
0.7388682028052602
2.556801662833417
3.300928568970799
2.200682946560561
1.8558655731681928
2.734401494419992
2.1317372971872284
0.9797699107752862
0.994325023551287
2.0746999767813343
0.500508035804656
2.532438417587673
1.4633780357856976
2.342836773191855
1.1588463344506037
1.5237487447337323
0.0
1.0586220144439875
2.2297401841747666
0.1947432807455151
3.5069200713692137
3.552286943350944
2.23849135429023
2.7084723438568763
0.7329082339013866
0.9654824453045304
2.5552328599380942
0.7443222999212357
0.7220565813951911
1.2712295298373406
2.52614214142023
0.9424153953595232
1.515639098395023
0.6482739267081915
2.0488500821388604
0.8422959992571388
1.4641879236906472
1.487946865169799
2.587565796370635
3.2208069781948727
3.5451594318003106
3.089598953074648
1.919956439918208
2.198593184586961
0.8782126167627767
1.340368647512407
1.8195113357139088
0.6193509314675341
3.619460869693516
2.17490279620988
2.974406014911044
0.9807358437488028
3.101673809015105
3.4982573417733205
2.590553445052984
3.5350037581843186
2.8199217452931866
2.0165967745176614
1.3711850388917164
2.1047955879699045
3.030439088696523
3.58242187231196
2.4265467060392454
3.161436270258364
2.122638529628868
2.204860580997317
1.182987500498048
2.7387957163436
2.2379013009826028
3.139481546380388
1.0460447710800969
0.8164582452137992
2.03354462052118
2.432078522782237
2.6597713195279016
3.588887939765012
2.3145876278110027
1.00722582021403
2.8816123214605245
2.804504928911685
1.7629211240998668
1.11991126295732
1.0306575057198797
3.0756193536614336
2.631434065124418
0.5030669073279145
2.784237837142815
0.2476267650865634
1.189548769618786
3.37599400880284
1.293573556445951
3.7185869042869646
2.670559614819829
2.369648013449619
1.6244868202221543
2.5374768278143587
2.298417928509479
2.2598041504961186
1.3213433008698847
0.9499742281238568
0.818786616073051
2.3392245127535936
2.6827762879633723
1.543837471085622
0.1969011048236224
2.748610257448085
1.1048937876999445
2.553439811443938
3.2742334588098787
3.1860603780389143
1.722115750240589
2.3380463575903736
3.273998748434336
2.993502391205279
0.8963978990233954
2.9610552588035977
2.6743510954520984
1.2178731513333656
1.36559111032951
1.5222748446854282
2.2314023973705024
2.135266354890094
2.255698914963147
2.751145787611705
0.8976341586164038
3.117354434785501
1.2875951312580094
0.5710530980330257
0.5813557994949716
1.6434624040739565
1.2348440407820207
2.968093619579765
2.009298479722319
1.146086034129592
2.1923631978552875
0.94573087329995
0.5672500284902902
0.9707643470928292
1.6560601255004677
2.8393132491560324
0.189818059909026
3.25829468502287
1.920055852658896
2.0217714943693785
0.1259330746249498
1.2870134123902284
2.591426703229313
1.4633796485356
1.465549386433812
1.710466837709535
2.288505685252231
1.9609688486532324
2.6216233262773407
0.7683163859836675
1.8064063454058108
0.88186635307777
0.8170682206563473
1.4461325277019692
3.339094362200312
0.8196254779474454
0.6768179731112823
1.3895448744649723
1.9915084140251773
1.6398675504146123
2.511743020605421
2.9839199495864985
1.25865485443205
1.4179299273727557
1.5970165723817666
3.08869986818596
1.6413414427787147
2.5868706562634283
2.389032645212185
1.8981464002812247
2.1104879749817496
1.7002735894049137
1.0444999950877136
1.1941661337644758
2.6491368281965504
1.2341413889277302
2.127408865912826
2.913887649138132
3.119393913150377
1.0363787383257312
2.403284547023526
3.1565080639094454
2.723471858740064
1.5309511463109082
3.468581349135728
2.3020320443414053
1.265677909199434
1.479602227739032
1.4450767191993792
0.8094338103684621
2.1502332699887816
0.5591437155118445
0.5807884851770568
1.602089195984674
1.0027983635819373
1.6630634531990602
1.5315464597195698
2.205842147030335
1.155338560965664
2.153758339869399
2.592786686317039
0.9123305070955544
0.6956309334599464
2.139619891368985
1.5504493308923313
1.5475367003506038
2.966548034294946
1.6336793710032238
2.3325403195354064
3.270262309404739
0.3464705925902769
1.8949043363401072
1.4567426010872695
2.5537231512721896
2.224197461212005
1.8476004181084256
1.849760707133483
3.268794215560215
2.546516637246023
3.1012292205041274
0.6559540779626771
3.088512305616677
1.992559805482
2.605247445547851
1.7339724542334658
1.11384878785912
1.6492502516618042
1.3375549802098765
1.9846599185571745
3.060881655966949
2.3928973584250004
2.0837969900967988
3.64573804877044
0.322286081625407
1.129514334361546
0.6307569438666114
3.157229638804093
0.680087787496653
0.7963598478866475
2.844039214925591
1.253451854215859
0.534508880538856
3.191046118219917
2.81542127530912
2.1571223032650955
2.7238280604010647
2.627693905554347
0.9124156208354256
2.609623081817451
2.981992255406158
1.625082773696198
1.3616984178594074
1.9169618961294344
1.011253194616751
2.3321590405051187
3.387938347765993
2.384690791358408
2.7808169956104924
0.5348357535394734
2.542214348782037
3.0071290674312805
2.9858098143768106
1.9493060573283008
2.1478451963634986
1.1757680252358405
1.4003632540944204
1.7555440233413917
2.900096239205548
1.0334594906901564
1.907742363387151
1.880909289765476
2.614950353949793
3.1071355935726115
1.3864645615000095
2.833760071844812
1.0861513973549914
2.874037360035303
2.895671304659184
3.1813076022771107
0.4712831088434319
2.2113795279733512
3.375252255246081
3.203858190796927
3.3501791105924874
1.7257915297427142
2.2166038146961022
2.0046273170074884
0.7157420455446748
3.8806400848697424
1.689528158418944
1.7579788035014272
2.136399546240388
0.911568270646688
1.1378011102056016
2.34926492736688
0.6237474365472879
0.3410294459251265
2.223813666751698
2.328240384630152
1.6230778220088506
2.200896321528595
2.5841106550638626
2.9965033042477023
2.373993481435845
2.8304044557095467
2.5251155338354896
1.0429816505882752
2.661096903670216
1.599593887728051
1.7994091491725042
2.6576385566960075
2.998484061883098
2.977408432892682
1.3751641369478076
1.84886644019124
2.442456200129272
2.8560385143532114
1.206150230255099
0.8959029903990774
0.2731909291583428
0.66750896106505
1.0894406041524294
2.813211008121627
1.8687585897071977
3.0356935955108426
2.13535680128746
3.038116129209991
0.9941294103867458
1.2325571657328191
0.8644037429995793
0.1152318548488273
2.934586305266487
2.0469388171096283
3.065473133634235
2.437026300114272
2.427614635957672
0.7771509547591905
1.879575445166732
1.596574874404599
0.7045952434646587
0.7641866973896485
1.503416679305313
1.5258378621561266
2.2708411075244164
3.402352538644452
1.4382049683676248
0.3365712986081556
3.1122811365205387
3.770694721842285
1.655613322522051
1.0504696915596752
2.5353912836886785
1.3960904942452492
2.025416982399455
3.2683025478531924
2.017218038843316
2.3976825794915584
0.2878673233291232
1.5487102111350304
2.905242112307261
0.2489771312307257
3.4184098665461984
0.5829208864689581
0.930028645913522
2.679085718058188
3.1062304249844512
2.781287883700032
2.3327839636333105
3.0677183698465544
0.869123386308555
1.5205038773800068
3.2898231421759827
2.1757392926719743
1.8524286908169367
1.4772887703973712
2.878926862568036
1.0580507720986625
2.572890420104166
3.5877355870777485
1.30141801379926
3.2094931359032093
2.5372306390536963
1.9893957592572007
3.0042333028010937
1.5135167558797396
2.172740551700977
0.6416491686246723
2.7535902317989964
1.0384883524708666
2.255019102931137
1.666702257521599
2.499459429635027
0.2782154592390721
2.6375942281323583
3.0571217282122816
1.3619328272119078
3.2389317177358112
2.573034385056746
3.143909878121016
1.04646340029671
2.868574228220813
2.6394472915746228
2.669749932596335
2.794885282534225
1.1865697291923056
2.520175258554297
1.6010784880682591
1.5950547587554351
2.222002853095735
1.6150931484836668
1.6759194307143808
0.2143195035843396
1.5567655569083212
2.154199353389932
2.0706693123979414
0.5672371067999946
2.162688107920216
1.2912304259430896
2.340156389104695
2.923969740063049
2.1901466017791726
3.0742141920071315
1.009430321848957
2.118500601923897
2.615347947639846
0.4159305071778432
3.9470929642201775
3.0173532270832526
2.813786291054958
0.7696361214560695
0.8922661351679123
3.666290826527483
1.4015482387657991
1.4233383361752172
3.149644743525513
2.353731151756538
1.1613543513353255
2.6471959858736853
1.2989979848488324
2.6441973683601545
1.737989618721448
2.0187768989965207
0.7177804975968944
2.2675844008883907
1.2714946229661936
2.6216668933929705
1.228528505250038
2.4953123609841468
0.7017618078332725
3.8649768612963977
0.684651926072042
1.88585022368373
2.3278327626806856
0.8802328124843197
1.4119815069059265
1.6625318303754022
1.3415984768250016
0.6592029163279249
2.153371206457846
2.4431029199121954
0.2700885546341743
1.316724623344178
0.8177142023856205
2.056945969742978
3.219333348074609
2.2408700600381573
1.9137997969013387
2.240334376463302
2.254547586191716
1.8913004299388907
2.2062263414776675
3.335098154642011
2.4119864614713284
2.1609785190420574
1.165394363121266
2.58350063639477
3.017063255946228
2.5761746968185832
0.2333498804715068
3.646516388949796
2.6054252316173008
3.3669295153821057
1.5837802579379994
0.7763967059483814
0.7834866400151184
2.328311711261717
2.718465435794503
3.2448822032661777
2.8656747490202017
2.326326756466653
3.303066678642581
2.4892182377565297
2.600264186907329
2.119171492034809
2.522694547891483
2.475854110200245
0.782809234051424
0.7664048694920337
1.2836220775478306
0.6431459327503606
1.6692302172984
3.282070050593753
0.7437140169647167
3.3250668431789085
1.184519764401664
1.6165360987452144
1.5830839708839028
0.1842514890903642
0.4721810422090253
1.2993555178087297
2.379628283206932
3.5662831299671103
0.2783475708696343
2.4215468827715467
0.6176804235913715
1.804726657837384
2.635208129638253
3.436025388769573
2.73737792616276
1.1466960797952552
2.4052675257641485
1.5252820489261911
2.446157080635824
1.9529530122549463
2.293087191388992
1.4716720294797634
1.106713497753671
1.2058569757056352
2.5590703550177483
2.457651022495708
1.2267412857712765
1.5904330983565391
0.3106695325979863
2.7718106588704914
1.5826829916643974
1.1055870981431069
2.3002961351673665
0.9918836980476614
0.1651106215518772
0.9893299205987556
2.230253521333785
1.3835280778946648
2.1314052629810774
1.86827692299816
1.2474819436382791
0.2999075475985059
2.7051956947945466
0.8979380920800135
1.3917317913625924
2.150546165993222
1.448741241526555
3.091715028356484
2.576927695452172
1.9558725265628367
1.8787083443226635
1.6304001316060543
2.372748110360667
1.279370611476852
0.155004788411154
1.2783470336697191
2.6559935659147995
2.6823160526270176
1.6448199394832874
1.3962784383778892
1.6094867987939343
1.187367524649196
2.0197970227132727
0.2416256282208843
1.2477251942052905
0.8526823634027514
0.9657009889491656
2.423800751639832
1.7419681672894356
2.8459257757426046
2.039564398044963
1.5420637396404375
0.7307796023629439
0.4999877783931601
1.122889381075435
2.9594927281039074
2.300205239575968
1.35272076359225
2.13406203808262
1.2997943203369946
0.7478339441237737
0.5329232037789974
2.0737697903171566
1.9913793639901416
1.8999595995373024
2.6148839418291825
1.8102707442887624
1.581931480635446
2.271332803302088
3.363670491095614
0.4812984804652508
0.1999273794512188
1.2680087507224682
0.8825524540001173
3.120136639384952
1.8041546917762192
0.6817036435058786
2.898261817162794
1.7303180027913696
3.560791672128213
2.528774574406828
1.5923878582033109
2.3741309720150148
1.810409480041144
2.829826431301572
3.0476020888188065
3.625921730346796
0.9273215453238872
1.331958948764275
0.7795517215186132
0.8813584466312141
2.398121085937693
0.7588142687845363
1.0288655959633797
1.4444766951837589
2.214067459161345
2.5119180875322624
2.6901498030104545
1.6052743861754348
2.709889487418108
1.528563501341875
1.7785692022870156
2.1219640588635724
0.4059048314284253
1.123926327741214
0.8703304110318186
1.8228292080685773
2.231182931946249
0.9669677174911444
1.69185894616234
2.0697582058612616
1.0578761267920678
1.3214272070130963
3.5169407207158963
1.0491570024752104
3.4861413290978023
0.586837405483887
2.3588158974550537
3.152222285699565
0.5878350833437533
2.66889332908893
0.3043720342532843
0.2806703078814149
0.8730911973563495
2.330783482945125
0.318850908518507
1.7922893205354298
2.573219136505813
1.0844901258226167
1.0866966802818123
1.00411266268769
2.824604892517854
1.364373782117196
2.6072864007904446
0.5684680837933294
0.5737961933285499
2.258071035198048
2.840092975101314
1.6831172628416484
1.7209071500753406
1.5377839093207275
2.0634635075132985
1.878547509948441
0.8632708590471806
2.513286133011632
2.7721632696203784
2.8883859357893624
1.3371610494936967
2.3706116146947664
0.8544646477713151
0.3226418269944476
1.834226997089304
1.9900604524480008
2.226983393791037
2.60838689826964
3.4063390822727126
0.8670343739276987
2.166091325158555
2.4229283329107885
1.509557877776469
2.44385726431874
2.0038283786309425
2.465306489467062
0.8447920018716684
2.731058898448731
1.736011489374202
2.5896707308558047
2.7423611231016096
2.4959194397063627
2.8534371942017955
1.5913479919456928
3.209673328360458
3.127617865184041
3.453275896757228
0.8227735669667381
1.2173352280449594
0.7626843112270509
2.145848670885439
3.299131001833344
1.1708122846030742
1.4245956528715278
2.9026593668557465
0.691477418739295
1.8865425000782805
2.635341351261105
1.5003394189345471
1.2355538161189008
0.604613405510861
1.3881389762566787
3.3005522062792574
2.16864159345454
2.797267479731933
1.7174586153875433
1.6879004923340846
2.95214586347002
0.9633750092514732
3.334971827985916
0.4436406552124723
1.955791738835412
2.850351339225344
2.370067422230533
0.1525907792336783
2.123043126970309
0.9220132315429356
1.42899323811113
1.8934409155419147
1.9395846660340497
1.511276997165948
0.8256041743927887
1.7643543086537177
1.295594900495879
2.4737171780781475
0.0197984850174091
2.202958505711277
3.0400254359810663
1.0690799865648395
3.9417600224442615
1.48259597306949
3.042275369333665
2.1039665103433465
1.7875223290156508
1.1003818825946587
0.8545582885805375
1.199651387587034
2.591940919144186
2.28221274517396
2.754877493270432
1.9212686469167608
1.5835564956915291
1.7233856864018513
2.8760550053652034
1.8889919304287464
1.369369967422703
2.550546233695912
1.943573340544709
3.3104012689001965
1.418938674503826
2.3530546550379574
1.7528862062165578
0.5139629886917817
3.0219548675332906
1.8347494481922708
2.275700147008356
1.7676467845806807
1.353723074286344
1.0342011685600785
2.758341831164698
1.7899668741623316
1.223973606916021
2.443619105420938
0.3629570027561279
2.251753921949751
0.9000416924553322
0.6566169233161951
2.186426951334845
2.88313626573597
2.877853697636979
0.0120634896338959
2.583738162772638
1.1615545310949262
3.301690512687678
1.5051727733314488
1.385696220554564
2.240923948684623
2.116723382234456
1.0366568343647269
1.6174602067259882
0.8659455421420207
1.320245987222631
1.2597646826652291
0.0815731844151463
1.6896730848454322
0.4604216497595421
3.577043897429733
2.0878721266068734
3.3695843618327963
0.0946515916807701
1.4053156279015715
1.878264180025782
2.871904770418778
3.7079480402167513
1.1748680910745393
0.9954496418804064
2.5287112567899213
2.5968344902614566
2.46060677377515
0.5477807235419316
1.803054426736249
2.309975847769393
3.0933639433242823
2.615900723686996
2.27691831821056
1.0515315263472127
2.747706159044371
2.6216701040126886
0.2432980938442744
2.1947065208246226
2.639906487707337
0.8334934182533646
3.402401590802249
2.6162916954361832
0.3397153849684515
1.6977287802151977
2.356856806870208
0.8456248398851254
2.246545273169087
2.478699182829052
1.3742882826190426
1.3553810454285826
3.060490750087925
1.5569571221233611
3.219531247903172
1.150153548429549
1.3214293024924364
3.4913265883378144
3.869586724204369
0.1704636132529806
2.197387290025697
0.0211555827545139
2.386799507281263
1.3610312878747248
3.5106808899730706
1.4373707502913808
1.8044174585321688
3.262269864334146
1.169658238097338
1.4015509339508203
0.5496018253589585
1.5165082679194366
2.0322195117185347
2.289299775238682
2.086687740995232
1.6676669904535018
2.595889050696416
1.9507691766596456
2.1025418985543585
1.3791671997209602
0.6721996800613397
1.1416385674703
1.6210121147431664
1.1221109734183077
3.402044108383005
2.683854738684956
2.996856278708232
1.2848657108072905
1.2010533026138683
1.978021718438136
3.836698640240594
1.1799034066853449
1.5400594595413652
3.158858262221248
1.7524968355129966
3.045113482146093
1.1656039458580214
1.7857607910876625
0.8411087173537893
2.397182557625913
3.576909015459067
3.2251582751891634
2.8066977641918256
3.421837670026282
2.105309278797112
3.1609020911559265
2.993541560404552
2.490220425623977
2.130832779640812
0.8384648733197381
0.6767710334068527
1.7359565115853166
1.254572618142762
1.9226882349760128
2.191998419606377
1.757523486205053
1.9241023198927736
2.8079741296204626
2.138772677122642
1.3638410472397342
1.722726052159269
1.1921084719956991
1.5347823896807868
0.1152432109582913
1.562359564441758
2.096032624938282
3.009238322704304
2.071108064884564
1.7473564518959883
1.0798673690024294
2.271400211003181
2.117233031215417
0.7435923583787316
1.892745844623002
1.58646418895305
3.512322894833646
2.629211521173767
1.836642800001118
1.834359140428028
1.7660559772918876
3.201710217015248
1.263890771933725
1.4277243762746905
1.0707079518820537
0.8327175057955102
3.1302227945215697
2.537098950572448
1.671076181781797
0.8165506596743497
1.1314027355141834
0.3331542282930413
1.4890630202510051
1.6833300315712254
1.921942133736121
1.9400069221827017
1.0658486732058416
0.9689861311254953
2.686144990139594
3.520612391633881
2.8159732956810704
3.487510668221957
3.5921289778598062
1.5784416654580549
1.8860081741258312
2.366010872187284
2.434934378846439
0.3931864713624303
0.7132676650608875
2.574449970243328
0.7005398668998437
1.586289237455222
2.058575292693283
3.1296400506375512
3.539198711532371
2.05996665628182
1.756035494723187
2.6226010520500767
0.2628611666623931
1.704415088568228
2.1044499314712546
0.8375123196439725
0.556828032953946
3.3501309740346112
3.279646224162432
1.5563289566907113
2.8463787534192235
1.137899800685294
1.3917877793457225
2.182795221152233
2.2538711785078176
2.254020037243272
0.3925490106038808
1.484857697467839
2.672093364300088
1.83151128144078
0.7581829737450007
2.9381754672014475
3.0549241250380565
0.9175822003619482
3.4608846527317176
1.84190774937114
1.185985514478241
2.4222306855709315
0.9126606733812742
3.073304472562818
2.1672829561454443
2.5538644982316425
2.4486025189472542
3.4632393046516823
1.442868859303521
0.9131278090050235
0.923753224971706
1.8435970826083627
2.0966454405051325
0.875367123899009
1.4490003209615303
3.0811935547787432
1.118752405383704
2.0622007000872045
1.5629116353425707
2.49283810766837
1.1001720410942128
2.693598515909963
1.6848422066992197
2.423585366966065
0.4050526130408124
0.6513407024247787
1.7948597502988235
0.9636319307546236
1.9307827968987483
0.9943347506957514
1.3543270341452454
0.7035731437813568
1.523945155165538
3.358694269179903
1.76569517319031
1.787402596174887
3.154023245749205
2.005144712913381
1.7207596503292208
3.127056224068401
1.441918756451196
1.6209212385063754
2.1962173498725552
3.1030753433789715
0.473623395542819
1.0438658671427483
2.385530670601707
0.2701103141247828
0.4389817405690688
1.558059855369601
3.680961344427839
2.1105837595046006
3.29154084100464
0.4277633541749704
2.846487468746025
1.7723554330096858
0.7975176691622691
3.52093145282294
1.5913657381425088
1.8640736524087984
2.4118406224250792
2.137692088152197
1.073333389897043
0.3124795812740794
0.5022261210258885
1.4903088969066125
0.8765441058695893
2.051919032041663
3.294332437143911
2.6078393525028623
2.207001981395421
1.629355895809393
0.4937411351889655
3.204313181292444
2.068111784968204
2.281345006080266
2.4821724081876124
2.622179001774681
3.350591978852337
0.8411757539950683
2.371982914818465
1.9225913490306887
1.0075173084456468
1.5538733401089513
1.2476927957970836
2.460743527113226
0.9633404310113688
2.083697985872881
2.942198841728139
3.1794507681007715
2.627337296160058
3.1094935788792104
1.4229175121495328
2.0582044841224825
2.917010983412451
3.1844421071087297
2.6053753688041805
2.346025741368296
2.23946398594873
1.7511633575642405
2.952721567213245
3.072136606487933
2.809311538791001
2.6440598613135307
1.3974290948962047
2.4400605261033226
2.626819237688588
1.4684288845931317
2.3806669165758354
2.303453349269981
1.5961281034309902
1.6853891464062594
1.8970003503646624
3.496776544580716
3.361230858272882
0.8217016697705576
2.6404761356980795
0.8972169272385859
1.674676218445066
0.906353743453148
2.4190289368571505
2.13144706871876
1.030802658909541
1.5095198602197917
1.7892398367181417
0.5964170171485198
1.4145556778225787
1.242176324159397
1.9347838118971947
2.315769874969324
1.818612560458433
2.3631214597500585
2.791339403107066
2.9545340837691567
1.8128870432088853
1.1414565556036804
2.295362280360723
1.6771008018764466
2.7521639310365127
1.201444582455696
2.901185606881623
2.6768273942833725
2.297639912551669
1.4514410214002431
2.981786874282664
1.4152214905212377
0.9285393441441628
0.984031782647104
1.382935704905427
1.8638998217614853
1.2284288472926583
2.137393264966037
2.434532444006976
2.2564883117007817
2.6891551121146304
3.1312358848124213
3.7702839726154447
0.7995911976901089
2.964668230929299
0.7027603188634381
1.1936177713396423
0.2999519061623816
3.299578873421429
0.2123670952038988
3.526125037802421
1.6117379539626009
3.343050864114286
0.0264686610642805
1.636403110402885
1.7097013783889978
1.4851118281074416
2.9994091469264443
3.515415829646008
2.91813912755296
1.3622335993641654
0.205067960146301
2.2332394663089845
3.159302938456266
1.994611703201556
0.9990885438974272
0.5219557256642748
3.463687549123432
1.9879647265294176
1.6819048043902567
0.1126350589951871
1.9079839135479155
1.1979333311054492
3.2152726848869184
2.190269258704484
1.1509661314441684
0.6901513450987352
1.5199552920755757
3.168988610106379
1.8081645587687407
1.1158787303056936
2.0033079798237297
0.8897149150878433
3.984673602658726
2.3254340649162404
0.6133163315649763
2.71222974268319
2.096616211446693
1.183063850341623
0.5601746057023475
1.1674254127713368
0.9231815615047178
3.84128624851289
1.212880751488374
0.9621492198905311
2.5020091336326127
2.4562237944460525
2.646556960552807
0.3817684951501578
2.396139095071558
2.595648862597705
1.4195226349555488
3.432684708354722
0.1293067518875465
2.9289482377250686
0.9471334632498166
2.9995441039151167
3.055386295398076
2.745858798383193
3.214628425697648
3.4154133242434344
1.4693892718306072
1.5521129376507927
3.548459826086951
0.192625111740147
1.3489974202990602
2.1431050688591977
2.4713865329338423
3.205425334412305
0.4541144380742554
2.809833207494068
2.997505608420635
1.1761890337144745
1.6689245457866109
1.6230040750090506
0.5177931283748711
1.9461006983336528
2.815003047977988
1.24818256681425
2.759014343384976
1.9212942080249984
2.732290675858265
2.2286086189122747
2.611688472593835
2.197776727185656
3.3355067927178226
1.7215979626358573
3.2879731984208025
2.561964556788972
2.3585718660404216
1.497673654260138
3.5172371287357262
2.404089819888117
2.5172289818586204
2.4352442824022056
1.283227506286419
1.099434304470497
2.1911967950430395
1.584478764070205
0.4757308333876264
1.2072685461345751
0.264924162952827
2.706659620286692
1.5304278892477712
3.1274525275923986
1.003614145687202
3.3692186048208828
2.79138610847234
0.6735259456903064
0.3375541414467983
0.886889415770466
1.5066627733506968
1.7051993889190245
1.972791413902718
2.626082828753646
1.671968652950504
3.0937609252908795
1.6433737595842497
0.3392066993150443
1.9263590676627524
0.4499062079461153
0.7095708392685087
1.748279682449194
0.9721682581321198
1.934935784062694
0.6903478839140333
0.7303661593128756
0.6822651648416035
3.0234824828446896
3.729652301008408
0.8419632253726905
2.584174278596964
3.3721260428259656
3.060805402033993
1.1680520002406818
1.3492561219436314
1.1179648263826585
2.578667734306398
1.6255519548363606
0.9340163958011902
2.702638340113748
2.964009263152522
2.267458131705519
1.7536230683511045
2.0232340815930123
1.6780125322160857
3.659836405312248
1.3627443691586447
2.8138057680897126
1.3027119835441363
3.3839114785072537
1.3787513079619265
0.731486867136845
0.4005694786322673
1.7290731666537256
2.615653764886057
2.9869427371126283
2.1269889706667486
2.7081110403183013
0.8157773688726507
2.5244238950940066
0.9082386041357368
3.0556902074734404
0.8379468984553826
2.833576110778921
0.7852135676838187
1.8856147854844247
2.7012305082850903
1.5219159011875882
1.879725986688092
2.0373480173849385
2.520673675043246
0.1361659080098038
1.9746552454467765
2.194980371913127
1.7179959243485303
2.510328721169093
2.434950556939888
1.3550534623962087
1.5452551045196994
1.6190305128354965
2.020741651591236
0.983576997394541
2.0624682672770884
2.644194209070477
1.3478638291935137
3.055253981943473
2.513692714891721
2.3403719144352
1.5820932661745084
3.5655241629362697
1.6014725497408242
2.637266428600202
0.9052099482554694
1.5767564705892163
1.785051807919565
1.8800650933404628
2.5552231050706653
1.574306088258861
1.8138466222839496
2.5844682625115074
0.5297986094952745
0.7146512864203396
2.737474165505196
1.2705295622953123
0.7508880429586313
3.75263935309428
1.1622578007219209
1.8714659014427093
1.074937388775604
1.3127724135140753
1.7028816752194542
0.5403751565523403
0.3418223884177119
0.2697208620534843
2.504167767054588
0.5303581886716461
0.820105530138668
3.408489770633043
1.3503298063610123
2.029736582447598
1.7745311027993365
1.9919099489857044
0.7540357233429884
1.4913821292254057
2.1573918332612245
3.107348400568035
1.9995718607021808
1.363340948163794
1.3068680389383789
0.5885556231650223
0.6819561389075344
2.81858182437894
0.7446928333756786
0.7251929462817994
2.9268204402631444
0.5522575734248654
1.298729106820987
1.1867378284984922
3.3327885878934707
1.4890670205298442
3.30737811355316
1.6109406825598966
2.057378500596372
1.673711404485327
0.4906300621749082
2.2316569717750228
2.259451153743707
3.454462459935305
2.158610170146598
2.747908442514612
3.323902960329112
0.9097635331410971
1.1678958000789352
1.2204179764419896
2.3345256438757365
2.8447322620424904
0.9722477384320642
0.8563970426697209
0.9526750330525334
3.235302580709104
2.533432395797906
2.772388536783242
0.9467679046532856
1.3154643711031746
3.31820802902305
2.3311089198970865
2.905973097807374
3.344575197988929
2.1681789248414423
0.211194222791904
0.8939860125136853
1.8307932453900515
2.465117413971901
2.6505223435766907
3.161961511352394
2.905702974207415
3.7326847011603697
2.109686328016939
2.546634577748015
2.1156039687255843
0.4837893904323065
1.811155480929165
2.6741625507699083
3.102745561433283
2.432896398351312
0.591872335776283
1.4197989848171118
1.3649825214589588
3.524855822624972
3.0562181766199736
2.570682492309764
2.134832886078039
2.301932107844056
3.354368116289429
2.252575524405779
2.059778342061027
2.705024407226965
1.8208437343058648
3.26095049055304
0.741527556169066
2.943750197817776
0.4474828563605549
1.844059263528674
1.899197563198893
3.3788457271666
1.666640097790168
3.309453585183811
2.7618237513851387
2.042537978504808
1.4874769372990635
2.8739722821184617
2.0159494650624468
1.07029676373108
2.605399264020907
3.3633891187265865
2.12509059499954
1.0506689803906937
1.580050523836055
1.3970629516250068
1.1657871621526066
0.9620724862919864
2.310235179366311
0.9357793408847956
2.9380028297730134
2.7671513375162338
3.026983310961493
1.5364194793970165
2.495379496847872
1.6155716602528696
2.2103713279948844
1.7980154436118352
1.5662885180613493
2.921386757069629
2.519724822511747
1.4892073187626624
1.6636371244012207
0.7737842057946157
0.8916240459711724
2.215087048853621
0.6515150205017294
0.9740174167472984
0.3413935419913523
2.773483878750202
2.4978773036357613
2.0764437464311585
0.7734276360335333
0.9881530769380218
1.3775728397779787
0.4765977404918081
1.836242136797153
2.9240321151586275
2.2887682028383933
0.8221078891229036
1.46754910281344
0.654489820899693
1.8262650784023136
2.167614891739184
1.8125810860736853
3.010135527533248
2.1366532091173225
2.2968145205845465
1.4996666752012844
2.527606693940515
1.378777261955536
2.4619770683944515
2.142708088226998
3.4785197150728098
1.1359698905964322
3.315632432715557
0.9452990404344148
3.360097709606442
3.58344760514376
2.268905391743987
3.3946498667267635
0.4239919484053893
0.8359897662567951
1.2860837347449834
2.131780853915055
3.308664019789773
0.9587762981739752
2.539771016481107
3.012897486759207
3.167455277075199
1.9045159017519453
3.033291953501386
3.4577117259752934
2.4503354431504625
1.164702428020536
0.8270829163865822
2.3983144793001743
2.7577979305655766
0.3478369759058787
1.676727436835331
0.5742779997538898
3.103994380105366
2.8020738343659453
2.1275892967469687
2.688349836315715
2.7837652099236254
3.133768038538137
2.618699894953416
0.7716774917459892
2.274842047466996
1.53961940600191
1.128068364082897
1.5956273665141478
3.138498873000767
0.7988865726422566
2.9728834414945147
1.556218796080208
1.8526717410372364
0.9749683449255788
1.391431871322012
0.2364972221748906
2.629933233823926
0.5296032590122841
2.3191191467631675
2.759021764954944
2.09606565162715
0.745518983001618
1.7946671055341392
0.7012637128402552
2.45790140704778
0.4291372796949342
3.0168978681026624
3.618272712167226
0.4258137609932144
2.735960967147571
0.2234305089365645
1.0117467565808471
2.573440474302304
0.2001455273690356
0.8026478062416247
0.539645751276114
2.481595433779514
1.6338115616970532
2.401469995162927
1.2658914451513914
1.2662863438742906
1.6224646303185568
1.8582963066751943
0.6404398092314469
1.3978971899557189
1.4291805817178274
2.934692102422152
0.632826221112053
2.5653473181422046
0.3979893966925436
2.0645643026074056
3.121119482369849
1.920609662813219
2.3299096451911727
1.2720101075733885
1.06642462275961
2.905384065736881
2.567031802833057
1.6943843846574218
2.801388938876275
1.813628891214413
3.3432781941994127
2.184691612286099
3.4922119973943024
1.8136795536240533
2.7725493723030685
2.4400060965135784
2.8684641563014504
0.5166315139842032
2.8914784699994827
0.7109569819873364
0.4244328946229094
2.248337588471201
2.7154909355151484
2.676389709344022
1.8547004421395887
3.5485205508668662
1.9523336493468064
1.84964338845104
0.8752010880422385
1.7935557295101183
1.8556669117535305
0.5511396527389846
1.580398635704129
1.8741577780119305
0.5152393995715008
1.331229485851261
1.621772736089614
0.384375395876116
1.3635615499322744
1.479668777301296
1.5812038761627714
1.886578592822845
0.863545351686935
1.4887052948653967
1.4729004934270762
1.3440857175872982
1.364736910668082
3.8302053754229743
1.597365745031795
3.320316974439931
0.6487053948776081
1.0182646498699195
2.440769899927139
3.1525193708574304
0.2170420107058955
1.811622380951548
2.777966932491008
1.223828264622006
1.101939932271634
2.060172050067505
2.5244226584154354
1.9665140417865183
2.8415190017676264
2.200020267296471
0.9252693613945324
1.8425841347566336
2.6696408286087285
1.3276664298868446
0.7547506714781123
1.845656783786327
1.537989779203268
1.58092662695241
2.883799714630056
3.054990810980984
0.3280857038991219
0.6115693055183088
1.5674124377048069
1.2197472447014093
3.0213988805197203
2.262147696008476
1.4550854526151875
2.448840530622927
1.2800415789704742
1.0433801278881183
1.035181530409912
1.5730510214028783
2.898151345753362
1.8209201086118587
0.7287945170807484
0.9023572553597988
2.421061773387504
1.2212994205081906
1.996107386442232
0.622706295394981
2.902602512683793
1.3486070016063347
1.35114105198072
2.745554082849828
2.993214464144568
1.5892697074168551
1.653099762097065
2.136285525349759
0.7370487522929228
0.3527519592274268
0.6901567908276482
0.9430459197705604
1.881978741027912
2.474039536809681
2.5077426742068285
1.563591912280606
2.4556437547462835
2.7366048752761047
3.2620199899463747
2.28387095613807
1.1544100089135072
2.7890998282690926
1.5386892509239083
3.0560700900603366
0.7408967018564105
2.499681179530751
0.8952499802854423
0.7742848136453381
3.01480253360998
1.821442173929074
2.543009095435074
0.645454380244234
2.631367841368872
2.7124204664131986
2.672755461068081
1.7148117851610198
0.2109791787447653
1.859071573097468
2.672866707350141
2.7192011567406125
0.7369928855488138
2.295213477500577
0.84069094147179
2.131628504443662
0.9922965742511932
1.451872243083537
2.860396826235563
1.1825650544782942
0.1306542378736745
3.3627162150851144
2.251847104187132
1.6884763841942343
1.8154017176022967
1.4948695594196215
1.5717864335294334
2.2346855491679
0.5086565007104289
0.7016799102374711
1.817789572439356
2.3375584621180696
1.763324115898465
1.580149839040757
1.513660412883276
0.5468398683049477
3.112170722339197
0.3075940597283189
2.228511429722963
2.5064154144606747
1.9775380444250967
2.340811012860678
1.261128239702075
1.783001895562732
1.501240091930044
2.2392539847060284
3.823801327886915
0.895261805081618
3.5326403833692965
1.022641733675116
1.960538709128941
2.7454918014149503
1.554112898573
0.7068253462731773
2.823600084682192
1.2934088269809283
2.126276926186896
1.112671201191301
1.2615877089185958
1.0784851348128086
0.6754583905284621
0.6854728696794552
1.020926365102642
3.427620857629511
3.2485727923536656
2.278951504956563
0.8330790224853892
0.8570927943521445
1.744497662766337
2.806877505411242
3.490543307137981
0.6939648518623458
2.16155873707839
1.8933444720314547
2.882958070804152
3.270373860776488
1.027015599936749
2.48966890236666
1.7087987708583718
2.324093256836654
2.1974911457392072
2.500113299959695
1.0500058515104695
2.438440919001191
1.9146018444641888
1.6278371303258028
1.069524152365119
2.369652312774279
2.9747406949660418
0.3578088919508027
1.9225514899197127
0.33096690773874
3.219685483262613
3.9514599508156745
2.7952105534902603
3.5617432680571097
1.36108822691039
0.7389589820946485
2.3207725437642064
2.837891417954615
0.8273394905182188
0.8758837048232606
1.4679683162543722
2.122102757166825
2.4818134094533937
2.876083672610056
1.6626921985519796
2.9640587263043403
2.03217846252961
3.207819245384204
2.553484846074773
3.128858646003016
1.357062701404827
0.6848879979871082
2.2346962873244927
1.953200561311372
2.4709240029839887
2.512488758731327
2.0972515782565893
1.3451314633822888
2.241727972459657
2.637348954652655
0.2861100389415956
2.0845477071034386
2.7778858935835875
0.4841831958032389
2.875735286006944
3.4713372144944583
1.3180744589421032
2.715908932047662
3.4745618447603603
0.9349429908719434
0.5185224297099189
2.726094628858152
3.099064650031246
2.0735452919667288
1.983133992222757
0.7662736791529805
0.6361329335031771
1.1480334125866043
1.7504046795082222
2.8211081074612654
3.240512073968693
0.7058616313604631
2.9127221778502177
2.894723042268489
1.777279849146076
2.4571875145361584
1.9390765371477845
2.291686152272234
0.5847407288696445
2.905466160345195
1.7389421343230629
1.6698070522329402
1.6482889223547217
2.7103913101189026
1.956169125963332
0.6729361977994386
2.607172929225517
1.5660204997024247
2.197394591639808
2.332971816562523
1.773293697386631
1.1496496267546503
0.8409854510198023
1.5635740338353443
0.8707134779286393
0.61316598823277
2.57239170870492
2.30759662333527
2.3180465210933434
2.31055728577378
1.5858200366928563
1.6306137401298542
1.558632200330993
0.6835053013860497
0.9709123787681464
3.3446266750887066
1.8859166518517383
1.4699645571762952
1.436375445405192
3.399542858486649
3.5635357914562173
2.0744387503601613
2.5040052870066454
0.9669488067667787
2.6910442047353333
0.8647850838512876
1.993952452575168
1.2001797196357924
2.195712898261988
1.9012665239921247
0.8399765237396326
1.3620437691526197
0.8507438645015205
1.0033653059742336
1.3905396980299167
2.4399813258092324
1.2433117162791911
1.9648466563741724
2.6882293307172063
2.739701667259576
2.496121936033516
2.968807133269986
2.215944169222752
3.5037432645192648
3.3847294719580105
1.417604009607429
1.139337063496313
0.7695898642280781
2.34844345354412
0.3218314296846537
1.1241371864897378
2.7170969538329475
2.6565407804958623
1.5277480662258427
2.735672949043832
3.748102280530043
1.7062124885863237
0.9590415228646012
1.8589248556209288
1.0007755569217258
2.413651872584266
1.1721916329362534
0.2759351000710758
1.907640379807341
2.018579782190191
0.9157121795938512
3.12911663958354
1.945989188418632
1.510058697488437
0.1530318116508149
1.7119846768416216
1.419977098603833
2.438731252650425
0.3167559737315224
3.5433159148930136
3.1252696624964185
0.6550115881417289
3.5116138627312408
2.8625628192347974
1.1162284613450342
3.2011819553323124
0.1005921480894177
3.017133682391308
2.220548508939325
1.1110684623439582
0.9918923912020086
1.175347658120809
2.2925396421337085
2.2942213571902887
0.3699206268971446
0.6657412071192984
0.7289188138326557
1.010198033751084
1.8298105464885008
0.940947219838506
1.1528666911541523
3.030196982539537
1.7570919535414902
1.966123442653016
1.301643735879369
3.772896608478868
1.922165909079572
1.789036775909554
0.6329881184701
2.8504352924310816
2.684821286526617
1.899340250146643
2.454306701864281
1.2083322825671698
1.5269160461968396
2.6867167544354524
1.1307853592581485
0.7411030550092116
2.8934002946535644
1.3763806884640657
1.935602560783459
1.0583113523259429
1.230428755834961
0.1470688699977313
1.1696905137872946
1.016215042238629
2.5210277348652257
2.027841922241568
2.670947554324345
2.87287936550396
1.0296486453677298
1.757497312769606
1.895283343248585
2.035367286041147
2.053147894166025
2.329719254270638
1.7562115530004156
2.827342954327372
0.6937125121602848
2.953961921722677
0.9894684413187074
2.1370681063433614
3.03210533252155
2.804363175110951
0.6128025023431376
2.202232939648992
1.4102620381944773
1.4414095429135232
1.2335870210314048
2.7905751470187807
0.3785436345391653
2.1728123218250155
2.3916876827143443
1.7831074672235316
1.7859269858399722
1.2687721230682183
1.4868656515688805
1.0619359966520148
2.1516179803357813
3.5974890937641693
3.812757187598897
1.1767815056705988
1.948327515860377
1.8080971980423568
3.222140089605496
0.8092601434109807
1.2945928801079334
1.0777476837996005
2.920181898407056
0.7961429158962126
1.446052351501112
0.9401842567137784
1.7820606670994417
1.1058998695955586
2.81347034515229
1.65178667236737
3.603507572240497
1.5269602894052965
3.4590447338738057
3.3339700023673537
1.7181817231817458
3.1832324893858304
0.9966476630212407
2.525086321570887
0.512852046329121
2.864498066852598
1.733364046560005
2.9868916209305363
2.565368052695248
3.1391893048250425
3.636416567860032
1.467442366638756
1.7995311493172337
3.1831261171881216
1.441964197006561
1.881588986626361
3.1326292974173744
0.8142853492286524
2.4777903742896354
2.9713320163258232
2.071972431377945
1.6356867327778124
0.9062765162662464
0.8090678531539729
1.6838320257206556
3.138784394067383
1.798950340087624
1.687307435197655
0.9030855768578068
3.137624350847544
3.189217169770364
1.795369078193629
2.435958199527401
1.6884896091579062
1.8440563794665368
1.3055845144947993
3.545153035874012
2.17234554236808
0.3751478505639292
1.5578704926030598
2.185710840310208
2.4598046717382283
0.4275685065973586
0.8719991150294315
3.2229374986891246
0.8181261027428247
0.6189366143827062
1.1746095143108737
2.8005690841335875
2.995458295719109
3.353659743298607
2.7326611971495227
2.555667542727533
2.378050042081803
2.0607924590958486
3.1152505558547765
3.453790618896306
1.0281836891510068
1.989455195588546
1.6720340583678444
0.8762666604767739
0.8597452884552536
1.970600159244711
2.268850734169383
1.11944101772116
2.370893096932428
1.499701931968684
1.8790984603853385
1.699348106354839
3.3675911599478865
1.2878189977208636
0.5764027197831978
1.99229884714332
3.043931624402609
1.756186167808898
3.2537859623175915
1.0933875706255465
0.763471998256058
2.2973555861936927
1.6511561293797232
2.827614868021281
2.0557722559036584
0.7697406121390962
2.635693450834733
1.9337798086138684
2.7157532703177374
1.325172784257977
1.2450911401798577
1.3339741028791137
2.622327676479096
2.407284043136154
2.266160309674473
1.7609996788469535
0.8130174224118295
2.19241453410119
3.211743755038164
1.2782356660108654
0.9238316977083888
1.3250390169983148
1.6094102771441563
1.2628487317952892
2.2435930907680928
1.5576879646413533
1.1625740735001573
1.6806611823420308
1.599424076132399
1.2738181762310288
2.210289203345338
1.0085719028530793
0.968725634893168
2.681277359272072
2.4013738525578114
2.376854346050859
1.94767693624079
1.7797561259491266
0.5575488870769554
2.79540580881386
1.5147637597128956
3.040729612939948
3.208461746184048
0.621119927824666
2.7996697335356093
1.3023928842500831
3.482452519043289
1.2523485891697117
1.16974580305184
2.2847914471212656
1.021019253339771
2.8973550040674096
3.2759034528026745
2.430091199210449
3.228448079477929
0.2145700909687167
2.024030375549312
3.03416743887847
1.6998253090682822
2.09564819078084
0.5242135665585334
1.3026414038177534
2.1371244106086893
2.4222760935888
2.569614181305555
2.70295861751592
2.3116704996467785
3.384992088760673
0.3907558869817938
3.597766084455523
2.275665113075239
2.710576700770992
2.5559753763709523
1.027727966185627
2.0956913654305778
2.380839869039285
0.66207873669096
1.9965131156897773
2.1398641508658107
1.361434707190739
0.4958590410264636
1.28766735664722
2.6650755516566824
0.954787542101481
2.3169599744650875
0.6743629436081446
2.53663378226987
2.3433313526833226
2.2404508383745223
3.0526409582889382
0.9538406849215224
2.596111264562239
1.0823899503415932
0.5282255514744685
1.4627462917493628
2.006721725237717
0.4733008709069619
2.3780489451557907
3.546432808712968
2.288466675256948
1.3399355086329854
0.8131476267952477
1.5561060712293842
3.262922354666704
2.179357068500431
2.220050546998637
2.226513595090375
1.5656478476708735
2.0787778990811447
1.5624112622115092
3.5729453198762804
2.073033167181521
1.2889376961826329
2.5474496063949026
2.037768574636005
2.915898132959834
2.799063885002723
3.2501100112534
1.8233231026458456
2.992912336093737
2.6317363035461985
0.9326697393710618
0.8722095356275656
2.4515024403351484
3.4959497421090022
1.0888824821778935
3.9794209177543953
1.521013489971915
0.7662574469888989
2.471395779180272
3.286585133610396
2.121473442487156
1.3476334931151803
2.4629431182407853
1.0410289006678957
2.669979035304761
2.735041610764964
2.742091793566248
0.9842942952193188
1.4547228982036302
3.1585923238952263
1.0674108498772592
0.5694198849254213
1.934761727404891
1.8491038760645369
0.825019641346986
2.913898458953871
1.1645391660958937
2.928219390714798
2.6523548127186087
0.7093533742145925
2.5094912303073182
1.979379413769687
2.956254523615616
1.1919290455522094
1.810037822647263
2.539112848520151
1.3956306751141432
2.000084011141924
3.4555094110343934
3.279149727025028
1.142332879526157
1.8032967626292096
2.1400138778043982
